cmd: ./bin/super-ttt
events: Ir Bc Bcm Bi Bim
fl=/home/justin/programming/super-ttt/src/main.c
fn=countMoves
44 3 0 0 0 0
46 409 82 9 0 0
47 81 0 0 0 0
49 1 0 0 0 0
50 2 0 0 0 0
fn=main
89 6 0 0 0 0
90 3 0 0 0 0
91 5 0 0 0 0
92 5 0 0 0 0
95 4 0 0 0 0
97 3 0 0 0 0
fn=minimax
13 314636868 0 0 0 0
15 157318434 0 0 0 0
17 209757912 52439478 1476478 0 0
18 254954815 0 0 0 0
22 5825556 1448515 31501 0 0
24 52439437 0 0 0 0
25 215551801 0 0 0 0
26 107775890 53887945 4 0 0
27 1448475 0 0 0 0
30 681713044 0 0 0 0
32 104878874 52439437 31486 0 0
33 8533461 1416995 31503 0 0
35 256529220 51022442 1417018 0 0
38 157318311 0 0 0 0
41 1448475 0 0 0 0
42 157318314 0 0 0 0
fn=startMinimax
58 4 0 0 0 0
59 4 0 0 0 0
61 4 0 0 0 0
62 6 0 0 0 0
63 6 0 0 0 0
65 37 9 3 0 0
66 72 0 0 0 0
67 72 0 0 0 0
68 144 0 0 0 0
69 24 0 0 0 0
fn=threadMinimax
52 32 0 0 0 0
53 16 0 0 0 0
54 48 0 0 0 0
fl=/home/justin/programming/super-ttt/src/node.c
fn=gameEvaluation
99 152972889 0 0 0 0
101 356936741 0 0 0 0
102 101981926 0 0 0 0
fn=generalGameIsFinishedFromMove
104 262197755 0 0 0 0
161 157318653 0 0 0 0
fn=getAllMoves
83 4 0 0 0 0
84 1 0 0 0 0
86 81 0 0 0 0
87 328 0 0 0 0
88 164 82 1 0 0
89 1 0 0 0 0
92 243 0 0 0 0
93 486 0 0 0 0
94 162 0 0 0 0
96 1 0 0 0 0
97 2 0 0 0 0
fn=getNextMove
22 215552136 0 0 0 0
23 215552136 0 0 0 0
24 107776068 53888034 6 0 0
26 2897034 1448517 10 0 0
27 2 0 0 0 0
29 8691096 1448516 11 0 0
32 132302406 61097816 1235625 0 0
34 357896046 59649341 4653611 0 0
35 7209783 0 0 0 0
37 262197790 52439558 11 0 0
39 786593370 52439558 0 0 0
40 157318673 0 0 0 0
41 367076899 0 0 0 0
42 314637336 0 0 0 0
43 419516424 0 0 0 0
45 839032816 0 0 0 0
47 314637306 0 0 0 0
49 786593265 0 0 0 0
51 314637306 0 0 0 0
52 104879102 52439551 3 0 0
54 104879102 52439551 3 0 0
58 471955959 52439551 3 0 0
60 209758204 0 0 0 0
61 314637306 0 0 0 0
63 209758204 52439551 5987542 0 0
64 11653208 0 0 0 0
65 34959624 0 0 0 0
66 46612828 11653207 3 0 0
67 2 0 0 0 0
71 104879102 0 0 0 0
79 2896950 0 0 0 0
80 1448475 0 0 0 0
81 107776054 0 0 0 0
fn=initGame
8 262197790 0 0 0 0
9 262197790 0 0 0 0
10 314637342 0 0 0 0
13 104879114 0 0 0 0
14 157318671 0 0 0 0
15 104879114 0 0 0 0
16 104879114 0 0 0 0
18 104879114 0 0 0 0
19 104879114 0 0 0 0
20 157318671 0 0 0 0
fn=initNode
163 405 0 0 0 0
164 243 0 0 0 0
165 243 0 0 0 0
166 243 0 0 0 0
fl=/usr/src/debug/glibc/glibc/csu/../csu/libc-start.c
fn=__libc_start_main@@GLIBC_2.34
128 2 0 0 0 0
134 3 1 0 0 0
135 6 0 0 1 1
138 1 0 0 0 0
139 2 1 0 0 0
142 3 0 0 0 0
143 2 0 0 0 0
144 12 2 0 0 0
145 4 0 0 1 1
242 12 0 0 0 0
311 3 1 0 0 0
312 3 0 0 0 0
337 6 1 0 0 0
340 2 1 1 0 0
343 2 0 0 0 0
350 2 0 0 1 1
352 2 1 0 0 0
360 4 0 0 0 0
fl=/usr/src/debug/glibc/glibc/csu/../sysdeps/nptl/libc_start_call_main.h
fn=(below main)
29 9 0 0 0 0
44 3 0 0 0 0
46 2 1 0 0 0
51 2 0 0 0 0
52 2 0 0 0 0
55 2 0 0 0 0
58 6 0 0 1 1
fl=/usr/src/debug/glibc/glibc/csu/init-first.c
fn=_init_first
46 4 0 0 0 0
51 2 1 0 0 0
55 5 1 0 0 0
61 1 0 0 0 0
62 1 0 0 0 0
63 2 0 0 0 0
71 2 0 0 0 0
72 2 0 0 0 0
fl=/usr/src/debug/glibc/glibc/ctype/ctype-info.c
fn=__ctype_init
29 9 0 0 0 0
31 63 0 0 0 0
33 36 0 0 0 0
35 36 0 0 0 0
36 9 0 0 0 0
fl=/usr/src/debug/glibc/glibc/debug/../sysdeps/x86_64/multiarch/ifunc-memmove.h
fn=__memcpy_chk
56 2 1 0 0 0
57 3 0 0 0 0
60 3 0 0 0 0
61 2 1 1 0 0
74 2 1 0 0 0
77 2 1 0 0 0
85 2 1 1 0 0
93 2 1 1 0 0
96 5 0 0 0 0
fn=__memmove_chk
56 2 1 0 0 0
57 3 0 0 0 0
60 3 0 0 0 0
61 2 1 1 0 0
74 2 1 0 0 0
77 2 1 0 0 0
85 2 1 1 0 0
93 2 1 1 0 0
96 5 0 0 0 0
fn=__mempcpy_chk
56 2 1 0 0 0
57 3 0 0 0 0
60 3 0 0 0 0
61 2 1 0 0 0
74 2 1 0 0 0
77 2 1 0 0 0
85 2 1 1 0 0
93 2 1 1 0 0
96 5 0 0 0 0
fl=/usr/src/debug/glibc/glibc/debug/../sysdeps/x86_64/multiarch/ifunc-memset.h
fn=__memset_chk
54 5 1 0 0 0
57 3 0 0 0 0
58 2 1 1 0 0
64 2 0 0 0 0
73 2 1 0 0 0
75 2 1 0 0 0
85 2 1 0 0 0
93 2 1 0 0 0
96 5 0 0 0 0
fl=/usr/src/debug/glibc/glibc/debug/../sysdeps/x86_64/multiarch/memcpy_chk.c
fn=__memcpy_chk
29 1 0 0 0 0
fl=/usr/src/debug/glibc/glibc/debug/../sysdeps/x86_64/multiarch/memmove_chk.c
fn=__memmove_chk
29 1 0 0 0 0
fl=/usr/src/debug/glibc/glibc/debug/../sysdeps/x86_64/multiarch/mempcpy_chk.c
fn=__mempcpy_chk
29 1 0 0 0 0
fl=/usr/src/debug/glibc/glibc/debug/../sysdeps/x86_64/multiarch/memset_chk.c
fn=__memset_chk
29 1 0 0 0 0
fl=/usr/src/debug/glibc/glibc/elf/../bits/stdlib-bsearch.h
fn=intel_check_word.constprop.0
27 102 0 0 0 0
28 51 0 0 0 0
29 792 396 41 0 0
31 690 0 0 0 0
32 370 0 0 0 0
35 282 0 0 0 0
37 126 0 0 0 0
fl=/usr/src/debug/glibc/glibc/elf/../elf/dl-tls.c
fn=_dl_add_to_slotinfo
1009 8 0 0 0 0
1015 1 0 0 0 0
1018 1 0 0 0 0
1019 1 0 0 0 0
1023 3 1 0 0 0
1057 2 1 1 0 0
1060 2 0 0 0 0
1061 3 0 0 0 0
1064 6 0 0 0 0
fn=_dl_allocate_tls
625 18 0 0 0 0
626 36 9 0 0 0
628 18 0 0 0 0
629 9 0 0 0 0
fn=_dl_allocate_tls_init
522 100 0 0 0 0
523 20 10 0 0 0
527 20 0 0 0 0
529 10 0 0 0 0
530 10 0 0 0 0
533 20 0 0 10 2
536 30 10 0 0 0
548 10 0 0 0 0
553 160 20 0 0 0
559 50 20 2 0 0
562 30 0 0 0 0
563 20 10 0 0 0
569 30 10 0 0 0
570 20 0 0 0 0
572 90 0 0 0 0
575 20 10 0 0 0
576 20 0 0 0 0
579 20 10 9 0 0
580 40 10 0 0 0
582 20 10 0 0 0
583 20 0 0 0 0
592 10 0 0 0 0
600 20 10 2 0 0
602 80 0 0 0 0
608 10 0 0 0 0
614 20 0 0 10 2
617 20 0 0 0 0
620 90 0 0 0 0
fn=_dl_allocate_tls_storage
416 5 0 0 0 0
418 1 0 0 0 0
429 1 0 0 0 0
430 1 0 0 0 0
431 2 1 0 0 0
439 6 0 0 0 0
440 1 0 0 0 0
444 305 296 10 0 0
463 1 0 0 0 0
465 2 0 0 0 0
466 2 1 0 0 0
469 5 0 0 0 0
fn=_dl_assign_tls_modid
125 2 0 0 0 0
128 2 1 0 0 0
141 1 0 0 0 0
180 1 0 0 0 0
182 1 0 0 0 0
185 1 0 0 0 0
186 2 0 0 0 0
fn=_dl_count_modids
191 1 0 0 0 0
193 2 1 0 0 0
194 1 0 0 0 0
209 2 0 0 0 0
fn=_dl_determine_tlsoffset
215 8 0 0 0 0
216 1 0 0 0 0
217 1 0 0 0 0
218 1 0 0 0 0
221 3 1 0 0 0
224 2 1 0 0 0
258 1 0 0 0 0
260 10 2 1 0 0
262 5 1 0 0 0
264 3 0 0 0 0
265 2 0 0 0 0
267 2 0 0 0 0
269 5 1 1 0 0
280 1 0 0 0 0
285 8 0 0 0 0
287 2 1 1 0 0
288 1 0 0 0 0
293 1 0 0 0 0
300 1 0 0 0 0
301 7 0 0 0 0
303 2 0 0 0 0
353 1 0 0 0 0
354 8 0 0 0 0
fn=_dl_tls_static_surplus_init
83 3 0 0 0 0
97 6 0 0 0 0
100 6 0 0 0 0
101 5 0 0 0 0
102 3 0 0 0 0
104 4 1 0 0 0
107 1 0 0 0 0
109 1 0 0 0 0
111 3 0 0 0 0
112 5 0 0 0 0
fn=allocate_dtv
359 40 0 0 0 0
364 10 0 0 0 0
368 10 0 0 0 0
369 10 0 0 0 0
370 20 10 0 0 0
373 10 0 0 0 0
379 30 0 0 0 0
385 40 0 0 0 0
fl=/usr/src/debug/glibc/glibc/elf/../include/list.h
fn=__tls_init_tp
43 2 0 0 0 0
44 2 0 0 0 0
45 1 0 0 0 0
47 1 0 0 0 0
fl=/usr/src/debug/glibc/glibc/elf/../include/rtld-malloc.h
fn=__minimal_calloc
56 8 0 0 8 1
fn=_dl_allocate_tls_storage
56 1 0 0 1 1
fn=_dl_check_map_versions
44 9 0 0 3 1
fn=_dl_find_object_init
56 2 0 0 1 1
fn=_dl_important_hwcaps
56 4 0 0 2 2
fn=_dl_init_paths
56 3 0 0 2 2
fn=_dl_map_object_deps
56 6 0 0 3 2
fn=_dl_new_object
44 9 0 0 3 1
56 6 0 0 2 1
fn=allocate_dtv
44 20 0 0 10 2
fn=init_tls
44 2 0 0 1 1
fl=/usr/src/debug/glibc/glibc/elf/../include/scratch_buffer.h
fn=_dl_map_object_deps
77 2 0 0 0 0
78 1 0 0 0 0
85 3 1 1 0 0
131 6 0 0 0 0
fl=/usr/src/debug/glibc/glibc/elf/../misc/sbrk.c
fn=sbrk
37 5 0 0 0 0
40 1 0 0 0 0
58 2 1 0 0 0
62 2 1 1 0 0
78 5 0 0 0 0
fl=/usr/src/debug/glibc/glibc/elf/../nptl/nptl-stack.h
fn=__libc_early_init
61 8 0 0 0 0
fl=/usr/src/debug/glibc/glibc/elf/../sysdeps/generic/_itoa.h
fn=_dl_check_map_versions
76 6 0 0 0 0
fl=/usr/src/debug/glibc/glibc/elf/../sysdeps/generic/dl-cache.h
fn=_dl_load_cache_lookup
194 1 0 0 0 0
195 5 1 1 0 0
fn=search_cache
125 1 0 0 0 0
fl=/usr/src/debug/glibc/glibc/elf/../sysdeps/generic/dl-call_tls_init_tp.h
fn=init_tls
31 8 1 0 0 0
33 1 0 0 0 0
fl=/usr/src/debug/glibc/glibc/elf/../sysdeps/generic/dl-debug.h
fn=dl_main
29 4 1 0 0 0
30 1 0 0 0 0
fl=/usr/src/debug/glibc/glibc/elf/../sysdeps/generic/dl-hash.h
fn=__rtld_malloc_init_real
43 1 0 0 0 0
44 1 0 0 0 0
45 19 6 5 0 0
48 18 0 0 0 0
62 24 0 0 0 0
67 1 0 0 0 0
72 1 0 0 0 0
fl=/usr/src/debug/glibc/glibc/elf/../sysdeps/generic/dl-new-hash.h
fn=_dl_lookup_symbol_x
69 102 0 0 0 0
70 204 0 0 0 0
74 804 0 0 0 0
77 1608 804 79 0 0
80 748 0 0 0 0
81 1496 748 49 0 0
87 46 0 0 0 0
88 46 0 0 0 0
89 92 0 0 0 0
90 46 0 0 0 0
99 702 0 0 0 0
101 702 0 0 0 0
102 1404 0 0 0 0
104 702 0 0 0 0
105 702 0 0 0 0
fl=/usr/src/debug/glibc/glibc/elf/../sysdeps/generic/dl-protected.h
fn=do_lookup_x
29 380 95 0 0 0
fl=/usr/src/debug/glibc/glibc/elf/../sysdeps/generic/ldsodefs.h
fn=_dl_new_object
1326 48 0 0 0 0
fn=_dl_relocate_object
79 23 0 0 0 0
140 294 0 0 0 0
fn=_dl_start
79 6 0 0 0 0
fn=do_lookup_x
139 190 0 0 0 0
140 285 0 0 0 0
fl=/usr/src/debug/glibc/glibc/elf/../sysdeps/nptl/dl-mutex.c
fn=__rtld_mutex_init
30 4 0 0 0 0
37 1 0 0 0 0
40 7 0 0 0 0
44 2 1 0 0 0
45 9 1 0 0 0
47 6 0 0 0 0
51 2 1 0 0 0
52 7 1 0 0 0
53 4 0 0 0 0
fl=/usr/src/debug/glibc/glibc/elf/../sysdeps/nptl/dl-tls_init_tp.c
fn=__tls_init_tp
68 3 0 0 0 0
69 1 0 0 0 0
72 1 0 0 0 0
75 4 0 0 0 0
76 2 0 0 0 0
77 1 0 0 0 0
82 2 0 0 0 0
87 4 0 0 0 0
90 1 0 0 0 0
93 3 0 0 0 0
105 4 0 0 0 0
121 3 0 0 0 0
128 2 0 0 0 0
129 3 0 0 0 0
fn=__tls_pre_init_tp
53 3 0 0 0 0
56 10 0 0 0 0
61 2 0 0 0 0
62 1 0 0 0 0
64 1 0 0 0 0
fn=rtld_mutex_dummy
42 8 0 0 0 0
44 16 0 0 0 0
fl=/usr/src/debug/glibc/glibc/elf/../sysdeps/nptl/pthread_early_init.h
fn=__libc_early_init
33 6 1 1 0 0
34 1 0 0 0 0
38 5 0 0 0 0
45 2 0 0 0 0
46 1 0 0 0 0
48 2 0 0 0 0
52 5 0 0 0 0
53 1 0 0 0 0
54 1 0 0 0 0
56 1 0 0 0 0
fl=/usr/src/debug/glibc/glibc/elf/../sysdeps/posix/dl-fileid.h
fn=_dl_map_object_from_fd
37 10 2 0 0 0
40 8 0 0 0 0
49 15 6 5 0 0
fl=/usr/src/debug/glibc/glibc/elf/../sysdeps/unix/sysv/linux/brk.c
fn=brk
36 1 0 0 0 0
37 1 0 0 0 0
38 2 1 0 0 0
44 1 0 0 0 0
45 1 0 0 0 0
fl=/usr/src/debug/glibc/glibc/elf/../sysdeps/unix/sysv/linux/brk_call.h
fn=brk
24 2 0 0 0 0
fl=/usr/src/debug/glibc/glibc/elf/../sysdeps/unix/sysv/linux/dl-osinfo.h
fn=dl_main
39 2 0 0 0 0
52 1 0 0 0 0
fl=/usr/src/debug/glibc/glibc/elf/../sysdeps/unix/sysv/linux/dl-parse_auxv.h
fn=_dl_sysdep_parse_arguments
32 2 0 0 0 0
33 1 0 0 0 0
34 1 0 0 0 0
41 93 23 6 0 0
42 44 22 0 0 0
43 44 0 0 0 0
45 1 0 0 0 0
46 2 0 0 0 0
47 3 0 0 0 0
48 2 0 0 0 0
49 2 0 0 0 0
50 2 0 0 0 0
51 2 0 0 0 0
52 2 0 0 0 0
54 2 0 0 0 0
fl=/usr/src/debug/glibc/glibc/elf/../sysdeps/unix/sysv/linux/dl-sysdep.c
fn=_dl_sysdep_parse_arguments
78 5 0 0 0 0
79 2 0 0 0 0
80 2 0 0 0 0
81 3 0 0 0 0
82 62 0 0 0 0
83 127 63 10 0 0
86 2 0 0 0 0
90 56 52 10 0 0
93 2 0 0 0 0
94 2 0 0 0 0
95 2 0 0 0 0
96 5 0 0 0 0
fn=_dl_sysdep_start
102 4 0 0 0 0
103 1 0 0 0 0
106 2 0 0 0 0
110 2 0 0 0 0
113 1 0 0 0 0
115 2 0 0 0 0
122 3 1 0 0 0
123 2 0 0 0 0
125 5 1 0 0 0
137 3 1 0 0 0
140 5 0 0 1 1
143 4 0 0 0 0
fn=_dl_sysdep_start_cleanup
147 1 0 0 0 0
148 1 0 0 0 0
fl=/usr/src/debug/glibc/glibc/elf/../sysdeps/unix/sysv/linux/dl-vdso-setup.h
fn=dl_main
30 1 0 0 0 0
33 1 0 0 0 0
36 1 0 0 0 0
39 1 0 0 0 0
45 1 0 0 0 0
fl=/usr/src/debug/glibc/glibc/elf/../sysdeps/unix/sysv/linux/dl-vdso.h
fn=dl_main
40 2 0 0 0 0
41 5 1 0 0 0
55 2 0 0 0 0
fl=/usr/src/debug/glibc/glibc/elf/../sysdeps/unix/sysv/linux/rseq-internal.h
fn=__tls_init_tp
32 3 1 1 0 0
34 7 0 0 0 0
37 2 1 1 0 0
40 1 0 0 0 0
fl=/usr/src/debug/glibc/glibc/elf/../sysdeps/unix/sysv/linux/x86/cpu-features.c
fn=init_cpu_features.constprop.0
27 6 1 0 0 0
fl=/usr/src/debug/glibc/glibc/elf/../sysdeps/unix/sysv/linux/x86/dl-hwcap2.h
fn=update_active.constprop.0
25 2 1 1 0 0
fl=/usr/src/debug/glibc/glibc/elf/../sysdeps/unix/sysv/linux/x86/dl-minsigstacksize.h
fn=get_common_indices.constprop.0
24 2 1 0 0 0
27 2 1 0 0 0
28 2 1 0 0 0
65 3 0 0 0 0
72 1 0 0 0 0
74 1 0 0 0 0
fl=/usr/src/debug/glibc/glibc/elf/../sysdeps/x86/cpu-features.c
fn=get_common_indices.constprop.0
351 1 0 0 0 0
355 4 1 0 0 0
358 5 0 0 0 0
362 1 0 0 0 0
363 4 0 0 0 0
364 4 0 0 0 0
365 4 0 0 0 0
366 3 0 0 0 0
367 2 1 0 0 0
374 2 1 0 0 0
376 9 0 0 0 0
381 8 0 0 0 0
388 2 1 0 0 0
389 7 0 0 0 0
395 2 1 1 0 0
410 2 0 0 0 0
fn=init_cpu_features.constprop.0
329 3 0 0 0 0
330 2 1 0 0 0
331 6 0 0 0 0
336 2 1 1 0 0
337 6 0 0 0 0
342 2 1 0 0 0
343 7 0 0 0 0
635 7 0 0 0 0
638 1 0 0 0 0
639 1 0 0 0 0
640 1 0 0 0 0
643 1 0 0 0 0
652 3 0 0 0 0
655 6 3 1 0 0
656 1 0 0 0 0
659 2 0 0 0 0
661 6 0 0 0 0
666 1 0 0 0 0
668 3 1 1 0 0
670 9 1 0 0 0
674 7 1 0 1 1
727 3 1 1 0 0
734 2 0 0 0 0
752 1 0 0 0 0
785 2 1 1 0 0
819 4 1 1 0 0
822 2 0 0 0 0
823 1 0 0 0 0
831 2 1 0 0 0
838 2 1 0 0 0
840 2 0 0 0 0
844 2 1 0 0 0
850 2 1 1 0 0
852 1 0 0 0 0
954 3 1 0 0 0
955 2 0 0 0 0
958 2 1 0 0 0
959 2 0 0 0 0
965 1 0 0 0 0
966 1 0 0 0 0
967 1 0 0 0 0
968 2 0 0 0 0
972 4 0 0 0 0
975 4 0 0 0 0
981 3 1 1 0 0
994 2 0 0 0 0
995 4 1 1 0 0
1034 1 0 0 0 0
1035 2 1 1 0 0
1039 3 1 1 0 0
1056 2 1 0 0 0
1057 3 0 0 0 0
1059 3 1 0 0 0
1060 2 1 0 0 0
1062 4 1 0 0 0
1063 1 0 0 0 0
1066 2 0 0 0 0
1080 4 0 0 0 0
1082 4 0 0 0 0
1091 2 0 0 0 0
1136 8 0 0 0 0
fn=update_active.constprop.0
50 7 0 0 0 0
54 1 0 0 0 0
62 3 0 0 0 0
63 3 0 0 0 0
64 2 0 0 0 0
72 4 0 0 0 0
73 1 0 0 0 0
81 3 0 0 0 0
82 1 0 0 0 0
83 3 0 0 0 0
87 4 0 0 0 0
91 1 0 0 0 0
95 2 0 0 0 0
99 4 0 0 0 0
100 3 0 0 0 0
101 3 0 0 0 0
102 2 0 0 0 0
106 4 0 0 0 0
107 5 0 0 0 0
108 3 0 0 0 0
111 6 0 0 0 0
114 4 0 0 0 0
115 4 0 0 0 0
119 2 1 0 0 0
123 2 0 0 0 0
125 4 1 1 0 0
129 2 1 0 0 0
131 1 0 0 0 0
134 2 1 1 0 0
136 2 0 0 0 0
140 1 0 0 0 0
141 1 0 0 0 0
148 4 0 0 0 0
150 4 0 0 0 0
156 4 0 0 0 0
158 5 0 0 0 0
160 3 0 0 0 0
165 4 1 0 0 0
214 4 1 1 0 0
230 2 1 1 0 0
234 3 0 0 0 0
235 1 0 0 0 0
238 4 0 0 0 0
242 2 1 1 0 0
246 3 0 0 0 0
247 2 1 0 0 0
249 1 0 0 0 0
250 1 0 0 0 0
253 2 0 0 0 0
255 1 0 0 0 0
258 2 1 1 0 0
309 3 1 1 0 0
313 3 1 1 0 0
322 1 0 0 0 0
323 8 0 0 0 0
fl=/usr/src/debug/glibc/glibc/elf/../sysdeps/x86/dl-cacheinfo.h
fn=get_common_cache_info.constprop.0
576 10 0 0 0 0
591 1 0 0 0 0
592 1 0 0 0 0
593 2 0 0 0 0
594 1 0 0 0 0
595 2 0 0 0 0
601 1 0 0 0 0
603 5 0 0 0 0
606 2 1 1 0 0
623 3 1 0 0 0
627 2 1 1 0 0
632 3 1 0 0 0
635 24 0 0 0 0
641 8 1 0 0 0
642 8 4 4 0 0
645 26 7 3 0 0
650 2 1 0 0 0
654 3 0 0 0 0
655 1 0 0 0 0
659 2 1 0 0 0
663 3 0 0 0 0
666 4 0 0 0 0
667 1 0 0 0 0
672 8 2 2 0 0
678 4 1 0 0 0
686 7 0 0 0 0
688 2 1 0 0 0
690 6 2 1 0 0
692 11 0 0 0 0
695 2 0 0 0 0
696 10 2 0 0 0
698 4 2 1 0 0
701 2 1 0 0 0
706 1 0 0 0 0
708 4 0 0 0 0
709 3 0 0 0 0
710 1 0 0 0 0
713 2 1 1 0 0
716 2 1 0 0 0
720 2 1 0 0 0
723 1 0 0 0 0
725 4 0 0 0 0
726 1 0 0 0 0
731 2 0 0 0 0
736 2 1 0 0 0
737 1 0 0 0 0
738 2 1 0 0 0
739 1 0 0 0 0
740 2 1 0 0 0
764 3 0 0 0 0
775 4 2 0 0 0
776 5 0 0 0 0
780 2 1 1 0 0
787 1 0 0 0 0
788 1 0 0 0 0
789 2 0 0 0 0
790 7 0 0 0 0
fn=handle_intel.constprop.0
250 96 0 0 0 0
255 24 12 0 0 0
263 12 0 0 0 0
264 12 0 0 0 0
266 4 1 1 0 0
272 48 0 0 0 0
279 24 0 0 0 0
280 60 0 0 0 0
284 60 0 0 0 0
286 24 12 2 0 0
289 60 0 0 0 0
291 24 12 11 0 0
294 5 0 0 0 0
296 2 1 0 0 0
299 5 0 0 0 0
301 2 1 0 0 0
305 3 1 1 0 0
310 96 0 0 0 0
fn=init_cpu_features.constprop.0
797 1 0 0 0 0
798 1 0 0 0 0
800 1 0 0 0 0
814 2 1 1 0 0
816 3 0 0 0 0
817 3 0 0 0 0
818 4 0 0 0 0
819 1 0 0 0 0
822 3 0 0 0 0
824 3 0 0 0 0
825 1 0 0 0 0
827 3 0 0 0 0
829 3 0 0 0 0
830 2 0 0 0 0
832 3 0 0 0 0
834 3 0 0 0 0
835 1 0 0 0 0
837 3 0 0 0 0
839 3 0 0 0 0
841 3 0 0 0 0
843 7 0 0 0 0
899 1 0 0 0 0
900 1 0 0 0 0
901 2 0 0 0 0
902 2 0 0 0 0
903 2 0 0 0 0
904 2 0 0 0 0
905 2 0 0 0 0
906 1 0 0 0 0
907 1 0 0 0 0
908 2 0 0 0 0
909 1 0 0 0 0
910 1 0 0 0 0
912 1 0 0 0 0
915 3 0 0 0 0
929 3 0 0 0 0
930 6 0 0 0 0
935 2 0 0 0 0
936 5 0 0 0 0
937 2 0 0 0 0
944 3 1 0 0 0
964 6 0 0 0 0
973 2 0 0 0 0
974 2 1 1 0 0
979 10 0 0 0 0
992 3 0 0 0 0
993 3 0 0 0 0
1000 5 0 0 0 0
1002 2 0 0 0 0
1005 5 0 0 0 0
1007 2 1 1 0 0
1010 5 0 0 0 0
1011 5 1 0 0 0
1015 7 0 0 0 0
1017 2 0 0 0 0
1022 5 0 0 0 0
1025 9 0 0 0 0
1026 9 0 0 0 0
1027 12 0 0 0 0
1030 10 0 0 0 0
1032 8 0 0 0 0
1041 4 0 0 0 0
1047 1 0 0 0 0
1048 2 0 0 0 0
1049 1 0 0 0 0
1050 2 0 0 0 0
1051 1 0 0 0 0
1052 1 0 0 0 0
fn=intel_check_word.constprop.0
110 690 345 6 0 0
113 345 345 44 0 0
119 104 0 0 0 0
123 78 26 0 0 0
125 15 0 0 0 0
129 156 0 0 0 0
131 154 77 4 0 0
133 63 0 0 0 0
135 126 63 0 0 0
143 126 63 2 0 0
152 12 0 0 0 0
155 123 0 0 0 0
158 99 33 1 0 0
162 64 0 0 0 0
164 192 44 6 0 0
165 24 12 4 0 0
167 120 20 3 0 0
168 72 18 4 0 0
169 60 15 3 0 0
170 48 12 4 0 0
172 11 0 0 0 0
174 22 11 5 0 0
176 12 0 0 0 0
177 16 0 0 0 0
178 12 0 0 0 0
179 20 0 0 0 0
180 14 7 3 0 0
181 12 0 0 0 0
183 8 4 0 0 0
184 12 0 0 0 0
187 21 0 0 0 0
194 204 51 8 0 0
202 175 0 0 0 0
216 51 0 0 0 0
246 104 0 0 0 0
fl=/usr/src/debug/glibc/glibc/elf/../sysdeps/x86/dl-cet.c
fn=_dl_cet_check
252 1 0 0 0 0
253 1 0 0 0 0
fn=dl_cet_check
39 7 0 0 0 0
41 2 0 0 0 0
42 1 0 0 0 0
44 1 0 0 0 0
45 1 0 0 0 0
48 4 1 0 0 0
49 2 0 0 0 0
51 2 0 0 0 0
62 3 1 1 0 0
235 8 0 0 0 0
fl=/usr/src/debug/glibc/glibc/elf/../sysdeps/x86/dl-get-cpu-features.c
fn=__x86_cpu_features
39 3 1 0 0 0
71 3 0 0 0 0
fn=_dl_x86_init_cpu_features
37 1 0 0 0 0
39 3 1 1 0 0
41 1 0 0 0 0
fl=/usr/src/debug/glibc/glibc/elf/../sysdeps/x86/dl-procinfo.h
fn=search_cache
39 2 1 0 0 0
42 7 1 1 0 0
fl=/usr/src/debug/glibc/glibc/elf/../sysdeps/x86/dl-prop.h
fn=_dl_map_object_from_fd
95 16 8 2 0 0
100 4 0 0 0 0
101 2 0 0 0 0
102 2 0 0 0 0
103 2 0 0 0 0
105 18 4 2 0 0
108 6 2 0 0 0
109 4 2 0 0 0
110 4 2 0 0 0
114 6 2 0 0 0
118 6 0 0 0 0
121 6 0 0 0 0
122 4 2 0 0 0
126 2 0 0 0 0
127 8 0 0 0 0
131 8 0 0 0 0
132 4 0 0 0 0
135 8 4 0 0 0
138 4 0 0 0 0
139 16 4 1 0 0
142 2 0 0 0 0
144 16 4 1 0 0
146 2 1 0 0 0
151 6 3 0 0 0
164 6 3 2 0 0
165 4 0 0 0 0
167 3 0 0 0 0
170 2 0 0 0 0
177 2 1 1 0 0
185 6 0 0 0 0
187 8 2 0 0 0
192 2 0 0 0 0
193 8 0 0 0 0
198 16 2 0 0 0
200 8 0 0 0 0
201 2 0 0 0 0
202 2 0 0 0 0
203 4 0 0 0 0
212 10 0 0 0 0
213 4 0 0 0 0
fn=dl_main
36 2 0 0 0 0
37 15 5 3 0 0
40 7 0 0 0 0
49 22 8 1 0 0
53 18 3 0 0 0
71 3 0 0 0 0
95 8 4 1 0 0
100 2 0 0 0 0
101 1 0 0 0 0
102 1 0 0 0 0
103 1 0 0 0 0
105 10 2 1 0 0
108 3 1 0 0 0
109 2 1 0 0 0
110 2 1 0 0 0
114 3 1 0 0 0
118 3 0 0 0 0
121 3 0 0 0 0
122 2 1 0 0 0
126 1 0 0 0 0
127 5 0 0 0 0
131 2 0 0 0 0
132 1 0 0 0 0
135 2 1 0 0 0
138 1 0 0 0 0
139 4 1 0 0 0
142 2 0 0 0 0
144 4 1 0 0 0
151 2 1 0 0 0
164 2 1 0 0 0
167 1 0 0 0 0
170 3 0 0 0 0
192 1 0 0 0 0
193 4 0 0 0 0
198 9 1 0 0 0
200 4 0 0 0 0
201 1 0 0 0 0
202 1 0 0 0 0
203 2 0 0 0 0
212 5 0 0 0 0
213 2 0 0 0 0
fl=/usr/src/debug/glibc/glibc/elf/../sysdeps/x86/get-isa-level.h
fn=_dl_hwcaps_subdirs_active
30 4 1 1 0 0
31 1 0 0 0 0
32 3 1 0 0 0
36 3 1 0 0 0
39 4 1 0 0 0
40 4 1 0 0 0
45 4 1 0 0 0
48 2 1 0 0 0
51 5 1 0 0 0
53 4 1 0 0 0
54 2 1 0 0 0
55 2 1 0 0 0
58 4 1 1 0 0
fn=update_active.constprop.0
28 1 0 0 0 0
30 4 1 1 0 0
32 3 1 0 0 0
36 3 1 1 0 0
38 1 0 0 0 0
39 3 1 0 0 0
40 4 1 0 0 0
45 4 0 0 0 0
47 1 0 0 0 0
48 2 1 0 0 0
51 5 1 0 0 0
53 4 1 0 0 0
54 2 0 0 0 0
55 2 1 0 0 0
57 1 0 0 0 0
58 4 1 1 0 0
fl=/usr/src/debug/glibc/glibc/elf/../sysdeps/x86_64/dl-hwcaps-subdirs.c
fn=_dl_hwcaps_subdirs_active
29 1 0 0 0 0
38 3 0 0 0 0
43 1 0 0 0 0
48 1 0 0 0 0
52 1 0 0 0 0
fl=/usr/src/debug/glibc/glibc/elf/../sysdeps/x86_64/dl-irel.h
fn=_dl_fixup
32 2 0 0 2 2
fl=/usr/src/debug/glibc/glibc/elf/../sysdeps/x86_64/dl-machine.h
fn=_dl_fixup
220 7 0 0 0 0
fn=_dl_relocate_object
72 8 2 1 0 0
78 4 1 1 0 0
82 3 1 0 0 0
88 1 0 0 0 0
98 3 1 0 0 0
118 2 1 1 0 0
121 2 0 0 0 0
123 4 0 0 0 0
126 1 0 0 0 0
253 226 0 0 0 0
260 226 113 1 0 0
264 226 113 0 0 0
273 1183 251 24 0 0
276 456 0 0 0 0
277 400 47 1 0 0
278 212 106 6 0 0
303 678 113 0 113 14
377 16 0 0 0 0
384 48 16 0 0 0
386 64 16 0 0 0
390 48 0 0 0 0
399 32 0 0 0 0
407 196 0 0 0 0
460 94 0 0 0 0
461 141 47 0 0 0
462 47 0 0 47 47
463 47 0 0 0 0
482 18 0 0 0 0
483 6 0 0 0 0
487 12 6 0 0 0
488 12 0 0 0 0
498 18 0 0 0 0
502 18 9 0 0 0
505 27 9 0 0 0
506 9 0 0 0 0
fn=_dl_start
264 9 3 0 0 0
273 27 3 0 0 0
276 6 0 0 0 0
277 12 3 0 0 0
303 9 3 1 0 0
307 2 0 0 0 0
fn=_dl_sysdep_start
206 1 0 0 0 0
fl=/usr/src/debug/glibc/glibc/elf/../sysdeps/x86_64/dl-runtime.h
fn=_dl_fixup
28 7 0 0 0 0
fl=/usr/src/debug/glibc/glibc/elf/../sysdeps/x86_64/dl-trampoline.h
fn=_dl_runtime_resolve_xsave
71 7 0 0 0 0
76 7 0 0 0 0
79 7 0 0 0 0
81 7 0 0 0 0
91 7 0 0 0 0
97 7 0 0 0 0
98 7 0 0 0 0
99 7 0 0 0 0
100 7 0 0 0 0
101 7 0 0 0 0
102 7 0 0 0 0
103 7 0 0 0 0
107 7 0 0 0 0
108 7 0 0 0 0
111 7 0 0 0 0
112 7 0 0 0 0
114 7 0 0 0 0
115 7 0 0 0 0
116 7 0 0 0 0
117 7 0 0 0 0
118 7 0 0 0 0
119 7 0 0 0 0
121 7 0 0 0 0
128 7 0 0 0 0
129 7 0 0 0 0
130 7 0 0 0 0
131 7 0 0 0 0
136 7 0 0 0 0
137 7 0 0 0 0
138 7 0 0 0 0
140 7 0 0 0 0
141 7 0 0 0 0
142 7 0 0 0 0
143 7 0 0 0 0
144 7 0 0 0 0
145 7 0 0 0 0
146 7 0 0 0 0
148 7 0 0 0 0
150 7 0 0 0 0
154 7 0 0 0 0
156 7 0 0 7 7
fl=/usr/src/debug/glibc/glibc/elf/./dl-find_object.h
fn=_dl_find_object_from_map
95 8 0 0 0 0
96 8 0 0 0 0
97 4 0 0 0 0
103 20 0 0 0 0
104 119 41 4 0 0
105 82 41 16 0 0
107 12 0 0 0 0
112 4 0 0 0 0
fl=/usr/src/debug/glibc/glibc/elf/./dl-hwcaps.h
fn=_dl_important_hwcaps
43 7 0 0 0 0
45 5 0 0 0 0
46 1 0 0 0 0
77 5 0 0 0 0
78 3 0 0 0 0
79 3 0 0 0 0
fn=copy_hwcaps
43 2 0 0 0 0
45 4 0 0 0 0
77 2 0 0 0 0
78 2 0 0 0 0
79 6 0 0 0 0
fl=/usr/src/debug/glibc/glibc/elf/./dl-load.h
fn=_dl_map_object_from_fd
91 16 8 1 0 0
92 4 1 0 0 0
93 6 1 0 0 0
94 4 0 0 0 0
96 4 0 0 0 0
fl=/usr/src/debug/glibc/glibc/elf/./dl-main.h
fn=dl_main
112 5 0 0 0 0
fl=/usr/src/debug/glibc/glibc/elf/./dl-map-segments.h
fn=_dl_map_object_from_fd
28 6 2 0 0 0
29 18 0 0 0 0
81 2 0 0 0 0
101 2 0 0 0 0
102 6 2 0 0 0
105 6 0 0 0 0
106 4 0 0 0 0
108 4 2 2 0 0
125 2 0 0 0 0
135 48 8 2 0 0
137 24 6 0 0 0
139 54 6 0 0 0
149 32 8 7 0 0
155 4 0 0 0 0
156 2 0 0 0 0
157 6 0 0 0 0
158 4 0 0 0 0
160 4 0 0 0 0
165 4 2 0 0 0
168 6 2 0 0 0
176 14 0 0 0 0
182 4 2 1 0 0
186 8 0 0 0 0
189 2 1 1 0 0
194 8 0 0 0 0
fl=/usr/src/debug/glibc/glibc/elf/./dl-sym-post.h
fn=lookup_malloc_symbol
41 8 4 0 0 0
53 12 4 0 0 0
fl=/usr/src/debug/glibc/glibc/elf/./dl-tunable-types.h
fn=do_tunable_update_val
87 10 0 0 0 0
fl=/usr/src/debug/glibc/glibc/elf/./get-dynamic-info.h
fn=_dl_start
45 75 19 1 0 0
49 36 18 11 0 0
54 21 5 4 0 0
55 14 0 0 0 0
56 5 1 1 0 0
58 1 0 0 0 0
59 5 1 1 0 0
62 4 1 0 0 0
64 4 0 0 0 0
68 19 0 0 0 0
72 3 1 0 0 0
84 4 1 0 0 0
85 3 1 1 0 0
86 4 1 0 0 0
87 4 1 0 0 0
88 5 1 0 0 0
89 3 1 1 0 0
90 4 1 0 0 0
91 4 1 0 0 0
103 10 2 1 0 0
110 3 1 1 0 0
123 3 1 0 0 0
129 3 1 0 0 0
130 3 1 0 0 0
133 2 1 0 0 0
134 3 1 0 0 0
139 5 2 0 0 0
142 5 2 0 0 0
fn=dl_main
39 4 1 0 0 0
43 1 0 0 0 0
45 103 26 1 0 0
49 50 25 10 0 0
54 25 6 3 0 0
55 17 0 0 0 0
56 5 1 1 0 0
58 1 0 0 0 0
59 5 1 0 0 0
62 4 1 0 0 0
64 4 0 0 0 0
68 25 0 0 0 0
72 7 2 1 0 0
84 3 1 1 0 0
85 5 1 0 0 0
86 5 1 0 0 0
87 5 1 0 0 0
88 4 1 1 0 0
89 5 1 0 0 0
90 5 1 0 0 0
91 5 1 1 0 0
103 9 2 0 0 0
110 3 1 1 0 0
115 2 1 0 0 0
122 3 1 0 0 0
123 4 1 0 0 0
129 3 1 1 0 0
147 4 1 1 0 0
162 4 1 0 0 0
164 3 0 0 0 0
165 2 1 1 0 0
174 2 0 0 0 0
175 3 1 1 0 0
180 2 1 1 0 0
184 3 1 1 0 0
fl=/usr/src/debug/glibc/glibc/elf/./setup-vdso.h
fn=dl_main
24 2 1 1 0 0
fl=/usr/src/debug/glibc/glibc/elf/dl-audit.c
fn=_dl_audit_activity_map
29 9 0 0 0 0
30 1 0 0 0 0
31 3 1 1 0 0
37 8 0 0 0 0
fn=_dl_audit_activity_nsid
41 1 0 0 0 0
45 4 0 0 0 0
47 3 1 1 0 0
51 1 0 0 0 0
fn=_dl_audit_objopen
77 2 0 0 0 0
78 8 2 0 0 0
fn=_dl_audit_preinit
118 1 0 0 0 0
119 4 1 0 0 0
fl=/usr/src/debug/glibc/glibc/elf/dl-cache.c
fn=_dl_cache_libcmp
357 12 0 0 0 0
358 177 59 8 0 0
360 174 58 1 0 0
362 118 1 0 0 0
368 3 0 0 0 0
369 3 0 0 0 0
370 4 1 1 0 0
372 4 1 1 0 0
374 2 1 1 0 0
380 114 57 0 0 0
382 114 57 11 0 0
383 22 0 0 0 0
386 46 0 0 0 0
387 46 0 0 0 0
390 3 0 0 0 0
fn=_dl_load_cache_lookup
403 6 0 0 0 0
405 2 1 0 0 0
408 3 1 1 0 0
411 6 0 0 0 0
419 6 2 0 0 0
420 8 2 1 0 0
423 6 1 0 0 0
424 1 0 0 0 0
431 1 0 0 0 0
432 2 0 0 0 0
482 3 1 0 0 0
485 6 0 0 0 0
500 2 1 0 0 0
504 2 1 0 0 0
512 3 0 0 0 0
513 16 2 2 0 0
514 4 0 0 0 0
515 1 0 0 0 0
516 3 0 0 0 0
fn=_dl_unload_cache
525 2 0 0 0 0
526 4 1 1 0 0
528 2 0 0 0 0
529 1 0 0 0 0
533 1 0 0 0 0
535 2 0 0 0 0
fn=search_cache
191 22 0 0 0 0
203 13 0 0 0 0
205 1 0 0 0 0
208 6 0 0 0 0
210 13 0 0 0 0
211 2 0 0 0 0
213 6 0 0 0 0
220 22 11 2 0 0
222 55 0 0 0 0
223 23 0 0 0 0
227 22 11 0 0 0
228 14 0 0 0 0
231 33 0 0 0 0
232 22 11 1 0 0
240 4 2 1 0 0
242 2 0 0 0 0
245 2 1 0 0 0
247 6 0 0 0 0
249 1 0 0 0 0
259 2 1 1 0 0
269 2 1 0 0 0
270 3 1 0 0 0
277 2 1 0 0 0
286 9 1 0 0 0
295 2 1 0 0 0
298 2 1 0 0 0
301 1 0 0 0 0
302 2 1 1 0 0
330 2 0 0 0 0
346 10 10 7 0 0
347 5 0 0 0 0
349 5 0 0 0 0
353 9 0 0 0 0
fl=/usr/src/debug/glibc/glibc/elf/dl-call-libc-early-init.c
fn=_dl_call_libc_early_init
27 4 0 0 0 0
29 2 1 0 0 0
33 7 0 0 0 0
37 2 1 0 0 0
39 4 1 0 0 0
40 2 0 0 1 1
41 3 0 0 0 0
fl=/usr/src/debug/glibc/glibc/elf/dl-catch.c
fn=_dl_catch_error
254 10 0 0 0 0
256 2 0 0 0 0
257 2 0 0 0 0
258 2 0 0 0 0
259 2 0 0 0 0
261 5 0 0 0 0
fn=_dl_catch_exception
58 9 3 3 0 0
59 6 0 0 0 0
69 6 3 0 0 0
70 15 0 0 0 0
204 18 0 0 0 0
207 6 3 0 0 0
214 3 0 0 0 0
228 6 0 0 0 0
229 6 0 0 0 0
235 18 3 0 0 0
237 9 0 0 3 2
239 12 0 0 0 0
248 9 0 0 0 0
fn=_dl_receive_error
58 2 1 0 0 0
59 1 0 0 0 0
69 2 1 0 0 0
70 2 0 0 0 0
186 6 0 0 0 0
188 1 0 0 0 0
192 1 0 0 0 0
194 1 0 0 1 1
197 1 0 0 0 0
198 4 0 0 0 0
fl=/usr/src/debug/glibc/glibc/elf/dl-debug.c
fn=_dl_debug_initialize
56 2 0 0 0 0
57 1 0 0 0 0
59 2 1 0 0 0
61 2 0 0 0 0
63 3 1 0 0 0
64 1 0 0 0 0
85 3 1 1 0 0
90 3 0 0 0 0
91 2 0 0 0 0
92 1 0 0 0 0
95 3 1 1 0 0
96 6 0 0 0 0
99 2 1 1 0 0
107 2 0 0 0 0
fn=_dl_debug_state
116 2 0 0 0 0
117 2 0 0 0 0
fn=_dl_debug_update
38 3 0 0 0 0
40 6 3 3 0 0
41 3 0 0 0 0
44 6 3 0 0 0
48 3 0 0 0 0
fl=/usr/src/debug/glibc/glibc/elf/dl-deps.c
fn=_dl_map_object_deps
128 3 0 0 0 0
129 5 0 0 0 0
130 6 0 0 0 0
132 3 0 0 0 0
136 8 0 0 0 0
143 14 0 0 0 0
144 20 2 2 0 0
160 9 2 0 0 0
161 1 0 0 0 0
164 2 0 0 0 0
182 1 0 0 0 0
183 7 0 0 0 0
184 1 0 0 0 0
188 9 0 0 0 0
190 12 0 0 0 0
193 4 0 0 0 0
197 12 4 4 0 0
198 27 11 2 0 0
201 8 2 0 0 0
205 4 0 0 0 0
208 16 8 2 0 0
210 8 2 2 0 0
215 2 0 0 0 0
216 2 0 0 0 0
217 4 0 0 0 0
218 4 0 0 0 0
219 2 0 0 0 0
221 222 54 9 0 0
222 104 52 6 0 0
228 24 2 2 0 0
230 2 0 0 0 0
232 8 0 0 0 0
233 4 2 0 0 0
242 2 0 0 0 0
244 4 2 0 0 0
249 14 2 2 0 0
252 2 0 0 0 0
253 2 0 0 0 0
254 2 0 0 0 0
255 4 0 0 0 0
256 2 0 0 0 0
257 2 0 0 0 0
259 8 0 0 0 0
263 6 2 1 0 0
264 3 0 0 0 0
266 150 50 5 0 0
412 1 0 0 0 0
417 8 4 2 0 0
419 10 0 0 0 0
422 4 0 0 0 0
423 8 2 0 0 0
429 2 0 0 0 0
430 14 0 0 0 0
431 10 0 0 0 0
434 2 0 0 0 0
435 4 0 0 0 0
439 12 4 4 0 0
441 4 0 0 0 0
442 17 7 6 0 0
448 5 1 0 0 0
449 1 0 0 0 0
452 4 1 1 0 0
463 5 0 0 0 0
465 4 1 0 0 0
470 4 0 0 0 0
471 1 0 0 0 0
472 1 0 0 0 0
474 14 4 3 0 0
478 12 4 0 0 0
484 8 0 0 0 0
485 12 0 0 0 0
490 4 0 0 0 0
495 3 1 1 0 0
532 2 1 0 0 0
533 2 1 1 0 0
536 1 0 0 0 0
547 8 0 0 0 0
552 9 0 0 0 0
553 5 0 0 0 0
557 1 0 0 0 0
559 2 0 0 0 0
560 1 0 0 0 0
561 3 1 1 0 0
568 3 1 1 0 0
571 2 1 0 0 0
574 8 0 0 0 0
fn=openaux
61 6 0 0 0 0
64 22 0 0 0 0
65 2 0 0 0 0
68 2 0 0 0 0
69 4 0 0 0 0
fl=/usr/src/debug/glibc/glibc/elf/dl-environ.c
fn=_dl_next_ld_env_entry
28 2 0 0 0 0
29 2 0 0 0 0
32 190 63 1 0 0
34 124 62 14 0 0
35 10 5 3 0 0
37 1 0 0 0 0
40 2 0 0 0 0
42 1 0 0 0 0
45 61 0 0 0 0
fl=/usr/src/debug/glibc/glibc/elf/dl-find_object.c
fn=_dl_find_object_init
561 4 0 0 0 0
564 1 0 0 0 0
566 2 1 1 0 0
567 3 0 0 0 0
579 2 0 0 0 0
580 3 0 0 0 0
582 2 1 0 0 0
585 2 1 0 0 0
590 1 0 0 0 0
591 1 0 0 0 0
594 3 1 1 0 0
596 2 0 0 0 0
599 6 0 0 0 0
601 1 0 0 0 0
604 4 0 0 0 0
fn=_dlfo_process_initial
474 4 0 0 0 0
475 2 0 0 0 0
477 2 0 0 0 0
478 4 2 0 0 0
504 22 4 0 0 0
505 22 10 4 0 0
506 8 0 0 0 0
508 28 14 2 0 0
511 24 6 4 0 0
513 18 6 3 0 0
515 6 0 0 0 0
516 6 0 0 0 0
517 12 0 0 0 0
529 2 0 0 0 0
531 8 0 0 0 0
fn=_dlfo_sort_mappings
536 1 0 0 0 0
537 2 1 0 0 0
540 12 2 1 0 0
544 4 0 0 0 0
545 19 5 1 0 0
546 15 3 1 0 0
548 2 0 0 0 0
549 2 0 0 0 0
553 8 0 0 0 0
554 10 0 0 0 0
555 4 0 0 0 0
557 1 0 0 0 0
fl=/usr/src/debug/glibc/glibc/elf/dl-hwcaps.c
fn=_dl_important_hwcaps
52 16 4 2 0 0
54 2 0 0 0 0
55 4 0 0 0 0
56 2 0 0 0 0
57 2 0 0 0 0
100 5 0 0 0 0
102 3 1 0 0 0
105 1 0 0 0 0
108 2 0 0 0 0
112 4 1 0 0 0
125 12 3 2 0 0
127 10 0 0 0 0
128 4 0 0 0 0
129 4 0 0 0 0
130 2 0 0 0 0
133 3 1 0 0 0
142 13 2 0 0 0
143 11 1 1 0 0
145 8 0 0 0 0
151 5 0 0 0 0
155 4 0 0 0 0
156 3 1 1 0 0
157 4 1 0 0 0
161 1 0 0 0 0
162 2 0 0 0 0
163 2 0 0 0 0
172 14 0 0 0 0
174 2 0 0 0 0
175 3 0 0 0 0
185 1 0 0 0 0
186 3 0 0 0 0
189 3 0 0 0 0
193 2 0 0 0 0
194 2 1 0 0 0
201 1 0 0 0 0
202 5 0 0 0 0
203 5 0 0 0 0
204 5 0 0 0 0
208 3 0 0 0 0
209 1 0 0 0 0
213 2 0 0 0 0
216 9 0 0 0 0
fn=copy_hwcaps
74 12 0 0 0 0
77 16 4 2 0 0
79 2 0 0 0 0
80 16 0 0 0 0
84 2 0 0 0 0
85 2 0 0 0 0
86 6 0 0 0 0
87 4 0 0 0 0
88 4 0 0 0 0
90 12 0 0 0 0
fl=/usr/src/debug/glibc/glibc/elf/dl-hwcaps_split.c
fn=_dl_hwcaps_contains
66 6 0 0 0 0
67 12 6 3 0 0
68 6 0 0 0 0
77 6 0 0 0 0
fn=_dl_hwcaps_split
25 60 0 0 0 0
26 45 15 3 0 0
27 6 0 0 0 0
30 36 0 0 0 0
34 72 18 6 0 0
35 12 0 0 0 0
36 24 12 3 0 0
41 27 0 0 0 0
42 18 9 3 0 0
43 21 0 0 0 0
45 18 0 0 0 0
46 9 0 0 0 0
47 60 0 0 0 0
fn=_dl_hwcaps_split_masked
51 44 0 0 0 0
54 56 14 5 0 0
56 9 0 0 0 0
57 27 0 0 0 0
58 54 15 2 0 0
62 22 0 0 0 0
fl=/usr/src/debug/glibc/glibc/elf/dl-init.c
fn=_dl_init
97 12 0 0 0 0
98 1 0 0 0 0
99 1 0 0 0 0
102 3 1 1 0 0
104 1 0 0 0 0
105 2 0 0 0 0
110 2 1 1 0 0
135 1 0 0 0 0
136 17 5 3 0 0
137 24 0 0 0 0
143 8 0 0 0 0
fn=call_init
28 40 0 0 0 0
30 10 5 5 0 0
36 30 5 0 0 0
38 10 5 1 0 0
44 4 0 0 0 0
58 8 0 0 0 0
59 4 0 0 0 0
62 12 4 1 0 0
63 2 1 1 0 0
67 6 3 0 0 0
75 9 3 1 0 0
76 6 0 0 1 1
79 3 0 0 0 0
80 6 3 1 0 0
86 6 0 0 0 0
88 4 0 0 0 0
89 22 5 1 0 0
90 12 0 0 3 3
92 30 0 0 0 0
fl=/usr/src/debug/glibc/glibc/elf/dl-load.c
fn=_dl_dst_count
238 18 0 0 0 0
241 6 0 0 0 0
244 6 3 0 0 0
245 3 0 0 0 0
264 21 0 0 0 0
fn=_dl_init_paths
706 11 0 0 0 0
720 4 0 0 0 0
725 1 0 0 0 0
727 3 1 0 0 0
735 2 0 0 0 0
739 6 0 0 0 0
741 4 1 0 0 0
747 1 0 0 0 0
748 1 0 0 0 0
756 1 0 0 0 0
758 2 0 0 0 0
759 1 0 0 0 0
761 2 0 0 0 0
762 1 0 0 0 0
767 3 1 0 0 0
768 4 0 0 0 0
770 1 0 0 0 0
776 1 0 0 0 0
777 1 0 0 0 0
782 1 0 0 0 0
785 3 0 0 0 0
787 4 1 0 0 0
789 3 1 1 0 0
806 1 0 0 0 0
808 3 1 1 0 0
822 2 0 0 0 0
825 2 1 1 0 0
856 1 0 0 0 0
857 7 0 0 0 0
fn=_dl_map_object
1945 33 0 0 0 0
1947 2 0 0 0 0
1953 6 3 0 0 0
1954 12 3 0 0 0
1957 48 9 2 0 0
1962 49 7 0 0 0
1964 35 7 1 0 0
1968 12 6 0 0 0
1969 18 6 4 0 0
1972 10 2 2 0 0
1973 6 0 0 0 0
1974 10 2 2 0 0
1988 8 2 0 0 0
1989 6 0 0 0 0
1997 6 2 0 0 0
2012 2 0 0 0 0
2014 10 2 1 0 0
2018 4 0 0 0 0
2020 2 1 0 0 0
2027 4 2 1 0 0
2031 1 0 0 0 0
2032 1 0 0 0 0
2036 3 1 1 0 0
2037 8 1 1 0 0
2039 9 0 0 0 0
2046 4 0 0 0 0
2051 2 1 0 0 0
2052 6 2 1 0 0
2053 13 1 0 0 0
2062 2 1 0 0 0
2077 2 1 1 0 0
2084 2 1 0 0 0
2085 8 1 0 0 0
2093 1 0 0 0 0
2107 2 1 1 0 0
2109 3 1 1 0 0
2113 3 0 0 0 0
2115 2 1 0 0 0
2119 2 1 0 0 0
2127 2 1 0 0 0
2150 10 0 0 0 0
2154 2 1 0 0 0
2155 1 0 0 0 0
2172 2 1 1 0 0
2178 1 0 0 0 0
2179 4 0 0 0 0
2180 2 1 0 0 0
2181 2 1 0 0 0
2185 10 0 0 0 0
2188 2 1 0 0 0
2200 8 0 0 0 0
2245 4 0 0 0 0
2246 32 0 0 0 0
2248 29 0 0 0 0
fn=_dl_map_object_from_fd
944 28 0 0 0 0
959 8 2 2 0 0
989 29 7 4 0 0
990 10 5 0 0 0
1008 4 2 2 0 0
1036 8 2 0 0 0
1046 4 2 0 0 0
1053 16 0 0 0 0
1054 4 2 0 0 0
1065 4 0 0 0 0
1066 6 0 0 0 0
1067 4 0 0 0 0
1069 6 0 0 0 0
1070 8 2 1 0 0
1071 2 0 0 0 0
1074 17 2 2 0 0
1075 6 1 1 0 0
1086 2 0 0 0 0
1088 2 0 0 0 0
1090 44 4 2 0 0
1091 2 0 0 0 0
1092 2 0 0 0 0
1093 2 0 0 0 0
1094 2 0 0 0 0
1100 87 27 0 0 0
1101 213 106 30 0 0
1107 4 2 0 0 0
1114 5 0 0 0 0
1115 6 0 0 0 0
1116 20 0 0 0 0
1121 2 0 0 0 0
1122 1 0 0 0 0
1127 62 8 0 0 0
1135 40 0 0 0 0
1136 52 0 0 0 0
1137 40 0 0 0 0
1138 8 0 0 0 0
1139 16 0 0 0 0
1141 56 0 0 0 0
1143 16 0 0 0 0
1156 16 8 2 0 0
1157 30 0 0 0 0
1162 8 0 0 0 0
1163 82 0 0 0 0
1176 3 1 0 0 0
1180 4 0 0 0 0
1181 1 0 0 0 0
1185 5 0 0 0 0
1186 2 0 0 0 0
1189 1 0 0 0 0
1194 4 1 1 0 0
1209 4 0 0 0 0
1210 2 0 0 0 0
1213 6 0 0 0 0
1218 14 2 0 0 0
1228 38 8 6 0 0
1229 16 0 0 0 0
1235 4 2 0 0 0
1245 8 4 0 0 0
1252 14 0 0 0 0
1268 8 2 0 0 0
1269 6 0 0 0 0
1275 4 0 0 0 0
1276 4 2 2 0 0
1278 4 2 2 0 0
1288 6 2 0 0 0
1307 4 0 0 0 0
1309 12 2 0 0 0
1361 6 2 1 0 0
1362 2 0 0 0 0
1368 66 27 4 0 0
1369 117 46 26 0 0
1375 33 0 0 0 0
1380 8 2 0 0 0
1393 4 2 0 0 0
1395 8 0 0 0 0
1397 4 2 0 0 0
1413 4 0 0 0 0
1417 4 2 0 0 0
1418 4 2 0 0 0
1435 4 2 1 0 0
1436 1 0 0 0 0
1439 4 0 0 0 0
1444 4 2 0 0 0
1454 4 2 0 0 0
1461 16 2 2 0 0
1462 6 2 1 0 0
1463 9 2 1 0 0
1464 3 0 0 0 0
1465 5 0 0 0 0
1471 4 2 1 0 0
1472 4 1 0 0 0
1477 2 0 0 0 0
1484 6 0 0 0 0
1487 4 2 0 0 0
1491 6 0 0 0 0
1492 6 2 0 0 0
1510 4 2 0 0 0
1514 14 2 0 0 0
1515 8 0 0 0 0
1519 18 0 0 0 0
fn=_dl_process_pt_gnu_property
868 6 0 0 0 0
869 6 0 0 0 0
870 3 0 0 0 0
876 6 3 0 0 0
882 15 3 0 0 0
885 9 3 0 0 0
886 6 3 0 0 0
887 6 3 0 0 0
930 3 0 0 0 0
fn=cache_rpath
681 6 0 0 0 0
682 9 3 3 0 0
683 6 0 0 0 0
699 6 0 0 0 0
fn=expand_dynamic_string_token
385 7 0 0 0 0
395 2 0 0 0 0
398 2 1 0 0 0
399 2 0 0 0 0
410 5 0 0 0 0
fn=open_verify.constprop.0
1572 24 0 0 0 0
1604 6 2 0 0 0
1623 10 0 0 0 0
1625 4 2 0 0 0
1633 2 0 0 0 0
1634 6 0 0 0 0
1639 12 0 0 0 0
1641 4 2 0 0 0
1643 4 0 0 0 0
1645 4 2 0 0 0
1651 4 2 0 0 0
1668 29 9 4 0 0
1730 4 2 0 0 0
1735 4 2 0 0 0
1741 8 2 0 0 0
1747 4 2 0 0 0
1753 8 0 0 0 0
1754 8 2 1 0 0
1758 16 2 2 0 0
1759 5 1 1 0 0
1780 18 0 0 0 0
fl=/usr/src/debug/glibc/glibc/elf/dl-lookup-direct.c
fn=_dl_lookup_direct
74 36 0 0 0 0
75 3 0 0 0 0
76 6 3 0 0 0
78 21 0 0 0 0
79 6 3 0 0 0
81 9 0 0 0 0
84 25 5 2 0 0
86 9 0 0 0 0
87 18 0 0 0 0
90 6 3 2 0 0
93 6 2 2 0 0
115 3 0 0 0 0
116 27 0 0 0 0
fn=check_match
31 27 0 0 0 0
32 12 3 3 0 0
33 9 0 0 0 0
35 6 0 0 0 0
36 6 3 0 0 0
40 9 0 0 0 0
48 9 3 0 0 0
51 6 0 0 0 0
53 15 3 1 0 0
57 6 0 0 0 0
58 18 3 0 0 0
59 9 0 0 0 0
64 21 0 0 0 0
fl=/usr/src/debug/glibc/glibc/elf/dl-lookup.c
fn=_dl_lookup_symbol_x
773 1428 0 0 0 0
775 204 0 0 0 0
776 204 0 0 0 0
777 306 0 0 0 0
779 102 0 0 0 0
783 390 195 9 0 0
786 204 102 0 0 0
788 204 0 0 0 0
792 1157 109 1 0 0
793 1734 102 2 0 0
798 510 102 2 0 0
800 42 14 2 0 0
817 102 0 0 0 0
818 21 0 0 0 0
821 204 0 0 0 0
822 649 186 5 0 0
829 95 0 0 0 0
857 380 95 0 0 0
871 285 95 3 0 0
872 2 0 0 0 0
874 190 95 0 0 0
891 95 0 0 0 0
893 918 0 0 0 0
fn=check_match
71 1261 0 0 0 0
74 679 97 1 0 0
79 4 0 0 0 0
87 485 97 0 0 0
90 404 132 25 0 0
94 97 0 0 0 0
95 194 97 3 0 0
97 190 95 0 0 0
116 190 0 0 0 0
117 760 95 15 0 0
118 465 93 9 0 0
119 4 0 0 0 0
120 4 2 2 0 0
145 4 2 0 0 0
147 12 2 2 0 0
148 8 0 0 0 0
162 95 0 0 0 0
163 582 0 0 0 0
fn=do_lookup_x
194 1045 0 0 0 0
348 1428 0 0 0 0
349 102 0 0 0 0
354 102 0 0 0 0
355 102 0 0 0 0
359 666 0 0 0 0
362 666 333 0 0 0
366 1176 333 12 0 0
387 666 333 12 0 0
391 666 333 10 0 0
397 999 333 0 0 0
401 333 0 0 0 0
402 333 0 0 0 0
405 1665 333 4 0 0
406 999 0 0 0 0
409 333 0 0 0 0
410 666 333 0 0 0
412 333 0 0 0 0
413 306 0 0 0 0
414 666 0 0 0 0
417 1332 0 0 0 0
420 2331 333 101 0 0
423 196 0 0 0 0
424 294 0 0 0 0
425 196 98 0 0 0
427 196 0 0 0 0
430 1065 213 93 0 0
432 291 0 0 0 0
433 2632 0 0 0 0
434 194 0 0 0 0
437 291 97 10 0 0
440 358 118 3 0 0
449 30 0 0 0 0
471 6 3 3 0 0
477 190 95 0 0 0
484 736 273 6 0 0
488 18 6 3 0 0
500 190 0 0 0 0
501 95 0 0 0 0
502 95 0 0 0 0
519 714 238 7 0 0
522 14 0 0 0 0
523 816 0 0 0 0
fl=/usr/src/debug/glibc/glibc/elf/dl-minimal-malloc.c
fn=__minimal_calloc
78 40 0 0 0 0
82 8 0 0 0 0
85 8 0 0 0 0
86 24 8 8 0 0
fn=__minimal_malloc
35 105 0 0 0 0
36 63 21 1 0 0
41 3 0 0 0 0
42 2 0 0 0 0
43 2 0 0 0 0
47 83 0 0 0 0
50 139 40 4 0 0
55 8 0 0 0 0
56 8 2 0 0 0
58 2 0 0 0 0
59 16 0 0 0 0
61 4 2 0 0 0
63 4 2 0 0 0
65 6 0 0 0 0
68 21 0 0 0 0
69 23 0 0 0 0
71 84 0 0 0 0
fl=/usr/src/debug/glibc/glibc/elf/dl-minimal.c
fn=__rtld_malloc_init_real
76 8 0 0 0 0
86 2 0 0 0 0
87 1 0 0 0 0
89 1 0 0 0 0
91 6 0 0 0 0
92 5 0 0 0 0
93 5 0 0 0 0
94 4 0 0 0 0
99 1 0 0 0 0
100 1 0 0 0 0
101 1 0 0 0 0
102 1 0 0 0 0
103 7 0 0 0 0
fn=__rtld_malloc_init_stubs
42 1 0 0 0 0
43 2 0 0 0 0
44 2 0 0 0 0
45 2 0 0 0 0
46 2 0 0 0 0
47 1 0 0 0 0
fn=lookup_malloc_symbol
61 28 0 0 0 0
63 4 0 0 0 0
64 28 0 0 0 0
68 28 4 0 0 0
69 28 4 0 0 0
71 4 0 0 0 0
72 24 0 0 0 0
fl=/usr/src/debug/glibc/glibc/elf/dl-misc.c
fn=_dl_name_match_p
68 84 0 0 0 0
69 56 14 0 0 0
70 3 0 0 0 0
72 14 0 0 0 0
74 58 29 13 0 0
75 90 18 8 0 0
80 15 0 0 0 0
82 11 0 0 0 0
83 56 0 0 0 0
fn=_dl_sysdep_read_whole_file
36 9 0 0 0 0
39 3 0 0 0 0
40 2 1 1 0 0
42 6 1 0 0 0
44 2 0 0 0 0
47 2 1 1 0 0
49 8 0 0 0 0
60 3 0 0 0 0
63 7 0 0 0 0
fl=/usr/src/debug/glibc/glibc/elf/dl-object.c
fn=_dl_add_to_namespace_list
31 18 0 0 0 0
33 9 0 0 3 1
35 26 3 1 0 0
38 20 5 3 0 0
40 2 0 0 0 0
42 2 0 0 0 0
45 2 0 0 0 0
46 9 0 0 0 0
47 6 0 0 0 0
48 6 0 0 0 0
50 6 0 0 3 1
51 9 0 0 0 0
fn=_dl_new_object
59 42 0 0 0 0
62 6 3 1 0 0
64 2 1 1 0 0
66 3 1 0 0 0
67 2 1 0 0 0
71 6 0 0 0 0
77 2 0 0 0 0
80 2 0 0 0 0
83 13 0 0 0 0
87 4 0 0 0 0
92 2 0 0 0 0
95 6 3 0 0 0
98 3 0 0 0 0
99 3 0 0 0 0
100 6 0 0 0 0
103 6 0 0 0 0
104 21 0 0 0 0
106 3 0 0 0 0
119 10 5 4 0 0
123 2 0 0 0 0
125 1 0 0 0 0
127 21 0 0 0 0
130 6 3 3 0 0
131 6 0 0 0 0
132 3 0 0 0 0
136 3 0 0 0 0
139 76 19 12 0 0
141 16 0 0 0 0
149 6 0 0 0 0
150 3 0 0 0 0
153 1 0 0 0 0
155 18 3 1 0 0
157 8 0 0 0 0
160 8 3 0 0 0
164 8 2 0 0 0
168 14 4 4 0 0
176 1 0 0 0 0
179 6 0 0 0 0
189 9 3 1 0 0
191 10 0 0 0 0
195 6 2 0 0 0
199 4 0 0 0 0
200 4 2 0 0 0
208 2 0 0 0 0
212 2 0 0 0 0
245 8 0 0 0 0
250 84 0 0 0 0
251 84 42 17 0 0
255 4 0 0 0 0
256 2 0 0 0 0
259 2 0 0 0 0
263 27 0 0 0 0
fl=/usr/src/debug/glibc/glibc/elf/dl-reloc.c
fn=_dl_protect_relro
355 12 0 0 0 0
356 24 0 0 0 0
359 8 0 0 0 0
363 8 4 4 0 0
364 20 4 2 0 0
370 8 0 0 0 0
fn=_dl_relocate_object
170 640 160 27 0 0
171 196 98 0 0 0
174 1012 189 11 0 0
175 91 35 1 0 0
177 7 0 0 0 0
178 21 0 0 0 0
182 182 91 0 0 0
183 91 0 0 0 0
184 91 0 0 0 0
186 734 91 5 0 0
187 425 0 0 0 0
188 170 85 0 0 0
190 686 0 0 0 0
193 91 0 0 0 0
194 637 0 0 0 0
196 7 0 0 0 0
207 52 0 0 0 0
217 4 0 0 0 0
218 12 0 0 0 0
221 4 0 0 0 0
223 12 4 0 0 0
225 4 0 0 0 0
226 12 4 4 0 0
245 8 4 0 0 0
251 20 4 4 0 0
252 8 4 2 0 0
253 2 0 0 0 0
255 8 4 0 0 0
262 16 4 2 0 0
301 10001 3471 408 0 0
304 28 4 0 0 0
328 4 0 0 0 0
331 8 4 0 0 0
348 8 4 4 0 0
349 8 0 0 0 0
350 32 0 0 0 0
fl=/usr/src/debug/glibc/glibc/elf/dl-runtime.c
fn=_dl_fixup
46 63 0 0 0 0
48 35 7 7 0 0
49 21 0 0 0 0
54 7 0 0 0 0
55 28 0 0 0 0
56 49 0 0 0 0
58 14 0 0 0 0
63 14 7 0 0 0
67 14 7 0 0 0
69 7 0 0 0 0
71 21 7 1 0 0
75 21 0 0 0 0
76 28 0 0 0 0
77 21 7 6 0 0
84 7 0 0 0 0
85 21 7 4 0 0
87 1 0 0 0 0
88 1 0 0 0 0
95 77 0 0 0 0
99 35 7 1 0 0
100 4 2 2 0 0
109 70 14 1 0 0
124 28 7 2 0 0
125 4 0 0 0 0
133 21 7 5 0 0
159 21 7 0 0 0
162 14 0 0 0 0
163 49 0 0 0 0
fl=/usr/src/debug/glibc/glibc/elf/dl-setup_hash.c
fn=_dl_setup_hash
25 8 0 0 0 0
28 12 4 0 0 0
31 12 4 0 0 0
32 8 0 0 0 0
33 4 0 0 0 0
34 4 0 0 0 0
36 12 4 0 0 0
37 4 0 0 0 0
38 12 0 0 0 0
40 4 0 0 0 0
41 8 0 0 0 0
43 4 0 0 0 0
45 12 0 0 0 0
50 4 0 0 0 0
fl=/usr/src/debug/glibc/glibc/elf/dl-sort-maps.c
fn=_dl_sort_maps
140 20 4 0 0 0
181 1 0 0 0 0
182 2 0 0 0 0
183 17 5 3 0 0
184 8 0 0 0 0
211 17 2 1 0 0
216 2 0 0 0 0
218 1 0 0 0 0
219 5 0 0 0 0
221 12 3 0 0 0
223 4 0 0 0 0
226 12 4 3 0 0
244 4 1 1 0 0
257 1 0 0 0 0
264 4 0 0 0 0
277 4 2 1 0 0
299 13 0 0 0 0
307 3 1 1 0 0
311 9 0 0 0 0
fn=_dl_sort_maps_init
290 2 0 0 0 0
291 4 0 0 0 0
292 1 0 0 0 0
293 3 0 0 0 0
294 2 0 0 0 0
fn=dfs_traversal.part.0
135 32 0 0 0 0
140 6 3 0 0 0
143 4 0 0 0 0
145 12 4 2 0 0
147 20 5 1 0 0
156 8 4 0 0 0
171 12 0 0 0 0
172 4 0 0 0 0
173 24 0 0 0 0
fl=/usr/src/debug/glibc/glibc/elf/dl-tunables.c
fn=__GI___tunable_set_val
151 5 0 0 0 0
152 30 0 0 0 0
154 5 0 0 0 0
fn=__GI___tunables_init
65 315 126 1 0 0
68 186 0 0 0 0
71 6398 1828 77 0 0
75 124 62 0 0 0
80 310 0 0 0 0
265 3 1 0 0 0
274 9 0 0 0 0
295 9672 2418 62 0 0
297 5 0 0 0 0
301 13330 4836 690 0 0
313 248 0 0 0 0
347 8 0 0 0 0
fn=__tunable_get_val
395 34 0 0 0 0
398 368 42 15 0 0
407 46 0 0 0 0
408 12 0 0 0 0
417 22 0 0 0 0
424 204 34 30 0 0
426 34 0 0 0 0
fn=do_tunable_update_val
93 5 0 0 0 0
96 15 5 0 0 0
105 5 0 0 0 0
106 20 5 2 0 0
107 25 5 0 0 0
113 30 0 0 0 0
124 10 5 0 0 0
125 10 5 2 0 0
128 5 0 0 0 0
129 5 0 0 0 0
130 5 0 0 0 0
131 5 0 0 0 0
132 5 0 0 0 0
fl=/usr/src/debug/glibc/glibc/elf/dl-tunables.h
fn=__GI___tunables_init
128 2380 66 8 0 0
129 2874 751 68 0 0
fn=do_tunable_update_val
109 10 5 2 0 0
110 15 5 0 0 0
fl=/usr/src/debug/glibc/glibc/elf/dl-version.c
fn=_dl_check_all_versions
392 6 0 0 0 0
394 2 0 0 0 0
396 17 5 3 0 0
397 4 0 0 0 0
398 36 4 0 0 0
401 7 0 0 0 0
fn=_dl_check_map_versions
36 24 7 2 0 0
37 5 0 0 0 0
38 35 7 2 0 0
56 28 7 7 0 0
64 21 7 0 0 0
70 21 7 0 0 0
86 7 0 0 0 0
87 14 7 5 0 0
89 7 0 0 0 0
94 199 75 6 0 0
108 150 75 8 0 0
110 7 0 0 0 0
113 49 7 0 0 0
120 204 68 0 0 0
124 68 0 0 0 0
155 36 0 0 0 0
156 4 0 0 0 0
164 6 0 0 0 0
170 12 4 0 0 0
172 16 4 0 0 0
174 4 0 0 0 0
175 4 0 0 0 0
177 8 4 2 0 0
180 6 0 0 0 0
184 12 2 1 0 0
200 6 0 0 0 0
208 6 2 0 0 0
213 6 0 0 0 0
215 5 0 0 0 0
217 21 0 0 0 0
218 62 7 3 0 0
221 14 0 0 0 0
224 28 7 4 0 0
228 4 0 0 0 0
231 28 0 0 0 0
234 21 7 2 0 0
239 5 0 0 0 0
243 6 2 2 0 0
257 15 4 2 0 0
260 4 0 0 0 0
263 194 0 0 0 0
266 145 47 15 0 0
270 45 0 0 0 0
274 9 3 1 0 0
279 3 0 0 0 0
280 12 0 0 0 0
281 9 3 0 0 0
291 3 0 0 0 0
294 17 3 0 0 0
296 6 3 1 0 0
299 8 0 0 0 0
303 6 0 0 0 0
306 21 0 0 0 0
308 28 7 0 0 0
310 35 0 0 0 0
311 14 0 0 0 0
312 21 0 0 0 0
313 21 0 0 0 0
316 21 7 5 0 0
321 5 0 0 0 0
324 6 2 2 0 0
334 6 3 1 0 0
337 4 0 0 0 0
341 45 0 0 0 0
343 94 47 2 0 0
347 45 0 0 0 0
348 225 0 0 0 0
349 135 0 0 0 0
350 45 0 0 0 0
353 141 47 12 0 0
357 45 0 0 0 0
365 4 2 1 0 0
366 4 2 0 0 0
367 4 2 1 0 0
368 2 1 1 0 0
370 4 1 1 0 0
372 112 28 1 0 0
373 54 27 4 0 0
375 2 0 0 0 0
376 7 1 1 0 0
387 36 0 0 0 0
fl=/usr/src/debug/glibc/glibc/elf/do-rel.h
fn=_dl_relocate_object
49 24 0 0 0 0
50 24 0 0 0 0
51 4 0 0 0 0
53 40 0 0 0 0
72 4 0 0 0 0
73 6 0 0 0 0
80 24 8 7 0 0
83 34 10 1 0 0
85 36 9 2 0 0
96 5 0 0 0 0
97 2 1 1 0 0
114 21 0 0 0 0
123 34 13 9 0 0
124 12 0 0 0 0
126 21 7 3 0 0
129 20 5 0 0 0
131 631 159 18 0 0
133 770 0 0 0 0
134 616 0 0 0 0
135 462 0 0 0 0
136 616 0 0 0 0
138 462 154 8 0 0
141 188 0 0 0 0
142 47 0 0 0 0
143 47 0 0 0 0
147 107 0 0 0 0
150 337 107 0 0 0
164 21 3 1 0 0
165 165 49 24 0 0
166 141 47 0 0 0
169 141 0 0 0 0
171 141 0 0 0 0
172 47 0 0 0 0
173 141 0 0 0 0
180 35 8 4 0 0
182 42 0 0 0 0
183 12 0 0 0 0
185 18 6 0 0 0
193 6 0 0 0 0
196 18 6 0 0 0
211 6 1 1 0 0
fn=_dl_start
49 6 0 0 0 0
50 4 0 0 0 0
51 1 0 0 0 0
53 10 0 0 0 0
56 4 2 2 0 0
61 13 5 3 0 0
63 9 0 0 0 0
64 6 0 0 0 0
65 3 0 0 0 0
fl=/usr/src/debug/glibc/glibc/elf/get-dynamic-info.h
fn=_dl_map_object_from_fd
39 4 2 0 0 0
43 2 0 0 0 0
45 186 47 2 0 0
49 90 45 22 0 0
54 42 10 5 0 0
55 28 0 0 0 0
56 10 2 2 0 0
58 2 0 0 0 0
59 10 2 2 0 0
62 8 2 0 0 0
64 8 0 0 0 0
68 45 0 0 0 0
72 8 4 0 0 0
84 7 2 1 0 0
85 8 2 1 0 0
86 8 2 0 0 0
87 8 2 0 0 0
88 7 2 1 0 0
89 7 2 1 0 0
90 7 2 1 0 0
91 8 2 0 0 0
103 16 4 0 0 0
110 7 2 1 0 0
115 2 1 0 0 0
122 2 1 0 0 0
123 6 2 0 0 0
129 6 2 1 0 0
130 3 1 0 0 0
147 6 2 0 0 0
152 4 0 0 0 0
154 4 2 2 0 0
156 4 2 2 0 0
158 4 2 2 0 0
159 4 0 0 0 0
162 6 2 0 0 0
164 6 0 0 0 0
165 4 2 0 0 0
174 4 0 0 0 0
175 6 2 2 0 0
180 4 2 2 0 0
181 6 0 0 0 0
184 4 2 2 0 0
fl=/usr/src/debug/glibc/glibc/elf/libc_early_init.c
fn=__libc_early_init
33 7 0 0 0 0
35 1 0 0 0 0
38 2 0 0 0 0
41 2 0 0 0 0
47 4 1 0 0 0
49 2 0 0 0 0
fl=/usr/src/debug/glibc/glibc/elf/rtld.c
fn=_dl_start
85 8 0 0 0 0
458 2 0 0 0 0
476 3 0 0 0 0
477 1 0 0 0 0
478 2 0 0 0 0
488 1 0 0 0 0
494 4 0 0 0 0
496 2 1 0 0 0
517 16 0 0 0 0
543 1 0 0 0 0
546 2 0 0 0 0
547 1 0 0 0 0
563 126 31 10 0 0
565 1 0 0 0 0
578 1 0 0 0 0
585 9 0 0 0 0
fn=dl_main
85 17 0 0 0 0
92 12 0 0 0 0
93 2 0 0 0 0
101 9 0 0 0 0
197 2 0 0 0 0
199 1 0 0 0 0
224 4 0 0 0 0
225 4 1 1 0 0
226 5 2 1 0 0
296 3 0 0 0 0
302 1 0 0 0 0
303 2 0 0 0 0
837 1 0 0 0 0
839 1 0 0 0 0
848 1 0 0 0 0
850 1 0 0 0 0
855 1 0 0 0 0
1115 1 0 0 0 0
1116 1 0 0 0 0
1118 1 0 0 0 0
1122 3 0 0 0 0
1124 1 0 0 0 0
1125 1 0 0 0 0
1140 1 0 0 0 0
1143 47 14 11 0 0
1144 117 29 7 9 5
1148 3 0 0 0 0
1153 3 0 0 0 0
1154 9 0 0 0 0
1163 2 0 0 0 0
1164 2 0 0 0 0
1166 1 0 0 0 0
1173 3 1 0 0 0
1191 2 0 0 0 0
1199 8 0 0 0 0
1200 17 0 0 0 0
1201 8 4 3 0 0
1202 1 0 0 0 0
1204 12 0 0 0 0
1205 14 7 3 0 0
1209 8 0 0 0 0
1210 8 4 0 0 0
1211 4 0 0 0 0
1215 12 0 0 0 0
1243 2 0 0 0 0
1247 3 0 0 0 0
1253 29 13 1 0 0
1254 61 24 13 0 0
1260 17 0 0 0 0
1266 4 1 1 0 0
1269 3 1 1 0 0
1271 2 1 0 0 0
1346 13 0 0 0 0
1351 1 0 0 0 0
1357 1 0 0 0 0
1373 3 0 0 0 0
1374 4 1 1 0 0
1637 9 0 0 0 0
1639 2 1 0 0 0
1640 3 0 0 0 0
1641 2 0 0 0 0
1642 3 0 0 0 0
1646 2 0 0 0 0
1647 2 1 0 0 0
1672 3 1 0 0 0
1673 6 1 0 0 0
1674 3 0 0 0 0
1675 3 0 0 0 0
1678 1 0 0 0 0
1680 1 0 0 0 0
1681 1 0 0 0 0
1683 2 1 0 0 0
1684 2 0 0 0 0
1688 2 1 0 0 0
1690 2 1 0 0 0
1698 4 1 1 0 0
1705 2 0 0 0 0
1708 2 1 0 0 0
1733 4 0 0 0 0
1735 1 0 0 0 0
1740 2 1 1 0 0
1743 4 0 0 0 0
1744 4 0 0 0 0
1745 3 0 0 0 0
1746 1 0 0 0 0
1747 1 0 0 0 0
1748 1 0 0 0 0
1759 2 1 0 0 0
1760 2 1 0 0 0
1762 2 0 0 0 0
1764 1 0 0 0 0
1765 3 0 0 0 0
1770 5 1 1 0 0
1771 5 1 1 0 0
1773 3 0 0 0 0
1779 2 1 1 0 0
1788 2 1 0 0 0
1792 1 0 0 0 0
1793 2 1 0 0 0
1817 2 0 0 0 0
1823 1 0 0 0 0
1824 1 0 0 0 0
1825 1 0 0 0 0
1829 3 0 0 0 0
1834 3 1 0 0 0
1836 1 0 0 0 0
1838 2 1 1 0 0
1842 5 0 0 0 0
1847 2 1 0 0 0
1863 6 1 0 0 0
1939 4 1 1 0 0
1943 19 2 1 0 0
1944 1 0 0 0 0
1947 3 0 0 0 0
1948 1 0 0 0 0
1949 2 1 0 0 0
1950 2 1 0 0 0
1955 3 1 1 0 0
1965 9 0 0 0 0
1971 19 5 3 0 0
1972 12 0 0 0 0
1975 3 0 0 0 0
1976 2 1 0 0 0
1977 1 0 0 0 0
1979 14 3 0 0 0
1980 6 3 2 0 0
1984 2 1 0 0 0
1990 1 0 0 0 0
1992 3 0 0 0 0
1993 2 1 0 0 0
1995 2 0 0 0 0
1997 3 1 1 0 0
1999 3 0 0 0 0
2000 1 0 0 0 0
2001 2 1 1 0 0
2013 2 1 0 0 0
2014 2 0 0 0 0
2015 3 1 1 0 0
2026 5 0 0 0 0
2027 4 0 0 0 0
2028 4 0 0 0 0
2038 2 0 0 0 0
2039 2 1 1 0 0
2040 4 0 0 0 0
2042 2 1 0 0 0
2047 3 1 0 0 0
2246 3 0 0 0 0
2250 3 0 0 0 0
2256 2 0 0 0 0
2259 2 1 1 0 0
2267 2 0 0 0 0
2278 3 0 0 0 0
2281 1 0 0 0 0
2286 1 0 0 0 0
2287 21 5 2 0 0
2289 8 0 0 0 0
2294 8 0 0 0 0
2296 10 5 2 0 0
2298 1 0 0 0 0
2299 1 0 0 0 0
2302 4 0 0 0 0
2304 8 4 1 0 0
2305 24 0 0 0 0
2309 10 5 3 0 0
2310 3 0 0 0 0
2319 2 1 0 0 0
2323 4 2 0 0 0
2325 1 0 0 0 0
2332 3 0 0 0 0
2335 2 1 0 0 0
2339 3 1 0 0 0
2341 2 1 1 0 0
2351 1 0 0 0 0
2356 3 0 0 0 0
2359 1 0 0 0 0
2365 1 0 0 0 0
2366 5 0 0 0 0
2374 3 0 0 0 0
2381 1 0 0 0 0
2384 3 0 0 0 0
2388 3 0 0 0 0
2389 1 0 0 0 0
2390 1 0 0 0 0
2391 1 0 0 0 0
2395 1 0 0 0 0
2400 8 0 0 0 0
2533 2 0 0 0 0
2535 1 0 0 0 0
2539 6 0 0 0 0
2541 13 2 1 0 0
2543 1 0 0 0 0
2545 41 15 6 0 0
2546 7 0 0 0 0
2554 7 1 0 1 1
2575 2 1 0 0 0
2582 4 2 1 0 0
2584 2 0 0 0 0
2585 1 0 0 0 0
2663 4 1 0 0 0
2682 4 1 0 0 0
fn=do_preload
804 6 0 0 0 0
806 1 0 0 0 0
810 1 0 0 0 0
811 1 0 0 0 0
812 1 0 0 0 0
814 1 0 0 0 0
816 6 0 0 0 0
817 3 1 0 0 0
825 3 0 0 0 0
831 5 0 0 0 0
fn=handle_preload_list
183 3 1 0 0 0
869 11 0 0 0 0
870 1 0 0 0 0
874 7 2 1 0 0
877 4 0 0 0 0
878 3 1 0 0 0
880 6 0 0 0 0
881 2 0 0 0 0
887 1 0 0 0 0
889 2 0 0 0 0
891 2 1 0 0 0
892 5 0 0 0 0
895 9 0 0 0 0
fn=init_tls
734 3 0 0 0 0
736 2 0 0 0 0
740 3 1 0 0 0
746 2 0 0 0 0
749 1 0 0 0 0
750 1 0 0 0 0
751 1 0 0 0 0
755 1 0 0 0 0
757 1 0 0 0 0
761 2 1 0 0 0
762 2 0 0 0 0
763 11 5 3 0 0
764 4 0 0 0 0
765 8 4 3 0 0
769 3 0 0 0 0
771 1 0 0 0 0
773 3 1 0 0 0
776 2 0 0 0 0
779 1 0 0 0 0
786 2 0 0 0 0
787 2 1 0 0 0
793 2 0 0 0 0
797 1 0 0 0 0
800 5 0 0 0 0
fn=map_doit
641 3 0 0 0 0
643 4 0 0 0 0
644 6 0 0 0 0
646 2 0 0 0 0
fn=version_check_doit
674 3 0 0 0 0
676 6 1 1 0 0
680 2 0 0 0 0
fl=/usr/src/debug/glibc/glibc/io/../sysdeps/unix/sysv/linux/access.c
fn=access
25 1 0 0 0 0
27 7 1 1 0 0
31 1 0 0 0 0
fl=/usr/src/debug/glibc/glibc/io/../sysdeps/unix/sysv/linux/close_nocancel.c
fn=__GI___close_nocancel
25 3 0 0 0 0
26 12 3 0 0 0
27 3 0 0 0 0
fl=/usr/src/debug/glibc/glibc/io/../sysdeps/unix/sysv/linux/fstat64.c
fn=fstat
29 8 0 0 0 0
30 8 4 0 0 0
35 12 0 0 0 0
fl=/usr/src/debug/glibc/glibc/io/../sysdeps/unix/sysv/linux/fstatat64.c
fn=fstatat
99 8 0 0 0 0
154 8 0 0 0 0
169 12 4 0 0 0
170 4 0 0 0 0
fl=/usr/src/debug/glibc/glibc/io/../sysdeps/unix/sysv/linux/open64_nocancel.c
fn=__open_nocancel
28 6 0 0 0 0
31 21 6 0 0 0
39 21 3 0 0 0
41 3 0 0 0 0
fl=/usr/src/debug/glibc/glibc/io/../sysdeps/unix/sysv/linux/pread64_nocancel.c
fn=__pread64_nocancel
25 4 0 0 0 0
26 8 2 0 0 0
27 2 0 0 0 0
fl=/usr/src/debug/glibc/glibc/io/../sysdeps/unix/sysv/linux/read_nocancel.c
fn=__read_nocancel
25 2 0 0 0 0
26 8 2 0 0 0
27 2 0 0 0 0
fl=/usr/src/debug/glibc/glibc/io/../sysdeps/unix/sysv/linux/write.c
fn=write
25 3 0 0 0 0
26 18 6 0 0 0
27 3 0 0 0 0
fl=/usr/src/debug/glibc/glibc/libio/../include/sys/sysmacros.h
fn=_IO_file_doallocate
47 6 0 0 0 0
fl=/usr/src/debug/glibc/glibc/libio/filedoalloc.c
fn=_IO_file_doallocate
78 9 0 0 0 0
84 9 2 0 1 1
86 4 1 1 0 0
89 2 1 0 0 0
91 2 0 0 0 0
94 2 0 0 0 0
97 4 1 0 0 0
101 3 0 0 1 1
102 2 1 0 0 0
104 4 0 0 0 0
105 1 0 0 0 0
106 8 1 0 0 0
fl=/usr/src/debug/glibc/glibc/libio/fileops.c
fn=_IO_do_write@@GLIBC_2.2.5
424 10 0 0 0 0
426 24 4 3 0 0
427 7 0 0 0 0
fn=_IO_file_overflow@@GLIBC_2.2.5
732 65 0 0 0 0
733 39 13 0 0 0
740 76 25 1 0 0
743 2 1 1 0 0
745 2 0 0 0 0
746 6 0 0 0 0
755 3 1 0 0 0
764 3 1 0 0 0
766 1 0 0 0 0
767 1 0 0 0 0
768 1 0 0 0 0
769 3 0 0 0 0
771 3 0 0 0 0
772 5 1 0 0 0
773 1 0 0 0 0
775 26 13 2 0 0
776 6 0 0 0 0
777 18 0 0 0 0
778 20 10 0 0 0
781 30 0 0 0 0
782 30 10 0 0 0
783 40 10 1 0 0
784 4 1 1 0 0
785 3 0 0 0 0
787 10 0 0 0 0
788 49 0 0 0 0
fn=_IO_file_stat
1147 1 0 0 0 0
1148 2 0 0 0 0
fn=_IO_file_write@@GLIBC_2.2.5
1174 21 0 0 0 0
1175 6 0 0 0 0
1176 18 6 0 0 0
1180 9 0 0 0 0
1181 9 3 2 0 0
1182 6 3 0 0 0
1187 3 0 0 0 0
1188 3 0 0 0 0
1190 9 0 0 0 0
1191 9 3 2 0 0
1194 18 0 0 0 0
fn=_IO_file_xsputn@@GLIBC_2.2.5
1198 33 0 0 0 0
1200 1 0 0 0 0
1204 6 3 0 0 0
1205 3 0 0 0 0
1211 12 3 2 0 0
1213 7 0 0 0 0
1214 4 2 0 0 0
1217 6 2 0 0 0
1219 6 2 0 0 0
1221 2 0 0 0 0
1228 3 1 1 0 0
1232 6 2 2 0 0
1234 6 0 0 0 0
1236 6 0 0 2 1
1237 2 0 0 0 0
1238 4 0 0 0 0
1240 4 2 2 0 0
1244 18 3 0 3 1
1250 6 0 0 0 0
1251 17 3 0 0 0
1253 9 3 0 0 0
1258 4 0 0 0 0
1264 6 3 2 0 0
1265 4 0 0 0 0
1267 3 0 0 0 0
1268 24 0 0 0 0
fn=new_do_write
432 24 0 0 0 0
434 6 3 3 0 0
441 12 3 2 0 0
444 3 0 0 0 0
449 15 0 0 3 1
450 15 3 0 0 0
452 9 0 0 0 0
453 6 0 0 0 0
454 3 0 0 0 0
455 6 3 2 0 0
456 12 3 2 0 0
458 21 0 0 0 0
fl=/usr/src/debug/glibc/glibc/libio/genops.c
fn=_IO_default_xsputn
371 12 0 0 0 0
373 1 0 0 0 0
374 2 1 0 0 0
375 1 0 0 0 0
379 40 10 2 0 0
399 92 19 1 9 1
401 9 0 0 0 0
404 8 0 0 0 0
fn=_IO_doallocbuf
343 4 0 0 0 0
344 2 1 1 0 0
346 4 1 1 0 0
347 5 1 1 1 1
350 4 0 0 0 0
fn=_IO_enable_locks
518 1 0 0 0 0
521 3 1 0 0 0
523 1 0 0 0 0
524 9 4 1 0 0
525 3 0 0 0 0
526 1 0 0 0 0
1044 1 0 0 0 0
1058 3 0 0 0 0
fn=_IO_setb
329 10 0 0 0 0
330 4 1 1 0 0
332 1 0 0 0 0
333 1 0 0 0 0
335 6 0 0 0 0
338 6 0 0 0 0
fn=__overflow
199 3 0 0 0 0
201 3 1 1 0 0
203 3 0 0 1 1
204 2 0 0 0 0
fl=/usr/src/debug/glibc/glibc/libio/ioputs.c
fn=puts
33 9 0 0 0 0
35 2 0 0 0 0
36 14 2 1 0 0
39 4 1 0 0 0
40 6 1 0 1 1
41 8 2 2 0 0
42 4 0 0 0 0
46 7 0 0 0 0
fl=/usr/src/debug/glibc/glibc/libio/libioP.h
fn=_IO_default_xsputn
1025 19 0 0 0 0
1026 18 9 0 0 0
fn=_IO_doallocbuf
1025 3 0 0 0 0
1026 2 1 0 0 0
fn=_IO_file_doallocate
1025 3 0 0 0 0
1026 2 1 0 0 0
fn=_IO_file_xsputn@@GLIBC_2.2.5
1025 9 0 0 0 0
1026 6 3 0 0 0
fn=__overflow
1025 3 0 0 0 0
1026 2 1 0 0 0
fn=new_do_write
1025 9 0 0 0 0
1026 6 3 0 0 0
fn=puts
979 2 1 0 0 0
980 8 2 0 0 0
1025 3 0 0 0 0
1026 2 1 0 0 0
fl=/usr/src/debug/glibc/glibc/libio/vtables.c
fn=check_stdfiles_vtables
545 1 0 0 0 0
546 4 1 1 0 0
547 3 1 0 0 0
548 3 1 0 0 0
550 1 0 0 0 0
fl=/usr/src/debug/glibc/glibc/malloc/../string/bits/string_fortified.h
fn=calloc
59 27 0 0 9 1
fn=tcache_init.part.0
59 792 720 26 0 0
fl=/usr/src/debug/glibc/glibc/malloc/../sysdeps/unix/sysv/linux/not-cancel.h
fn=ptmalloc_init.part.0
89 6 0 0 0 0
fl=/usr/src/debug/glibc/glibc/malloc/arena.c
fn=alloc_new_heap
48 32 8 2 0 0
54 16 0 0 0 0
372 64 0 0 0 0
379 24 8 0 0 0
381 16 8 0 0 0
382 8 0 0 0 0
387 56 0 0 0 0
394 24 8 4 0 0
396 34 0 0 0 0
397 3 0 0 0 0
398 15 6 0 0 0
406 40 0 0 0 0
407 10 5 0 0 0
409 5 0 0 0 0
410 15 0 0 0 0
412 15 5 1 0 0
413 3 0 0 0 0
415 9 0 0 0 0
416 25 0 0 0 0
433 48 8 0 0 0
442 16 0 0 0 0
444 8 0 0 0 0
445 8 0 0 0 0
447 72 0 0 0 0
fn=arena_get2.part.0
608 16 8 2 0 0
627 32 0 0 0 0
629 16 8 0 0 0
638 24 0 0 0 0
640 8 0 0 0 0
642 24 0 0 0 0
645 8 0 0 0 0
646 8 0 0 0 0
647 16 8 0 0 0
648 16 0 0 0 0
649 8 0 0 0 0
650 32 0 0 0 0
652 8 0 0 0 0
653 16 0 0 0 0
654 8 0 0 0 0
655 8 0 0 0 0
657 32 8 0 0 0
660 16 0 0 0 0
665 8 0 0 0 0
667 32 16 2 0 0
669 32 8 0 0 0
671 32 16 0 0 0
683 32 8 0 0 0
807 56 0 0 0 0
817 24 8 0 0 0
819 24 8 1 0 0
821 24 8 2 0 0
842 24 8 2 0 0
844 56 16 2 0 0
846 16 0 0 0 0
854 56 0 0 0 0
fn=calloc
152 18 9 9 0 0
fn=free
54 52439437 0 0 0 0
146 314636622 0 0 0 0
152 209757748 52439437 0 0 0
fn=get_free_list
692 24 0 0 0 0
693 16 0 0 0 0
694 8 0 0 0 0
695 16 8 2 0 0
720 40 0 0 0 0
fn=malloc
54 40 0 0 0 0
146 240 0 0 0 0
152 490 205 2 0 0
263 1 0 0 0 0
fn=new_heap
451 8 0 0 0 0
452 24 8 2 0 0
459 32 0 0 0 0
460 8 0 0 0 0
fn=ptmalloc_init.part.0
261 6 0 0 0 0
266 1 0 0 0 0
291 2 1 1 0 0
295 3 0 0 0 0
299 4 0 0 1 1
300 4 0 0 1 1
301 4 0 0 1 1
302 4 0 0 1 1
303 4 0 0 1 1
304 4 0 0 1 1
305 4 0 0 1 1
307 4 0 0 1 1
308 4 0 0 1 1
309 4 0 0 1 1
312 4 0 0 1 1
313 4 0 0 1 1
314 2 1 1 0 0
318 7 1 0 0 0
fn=tcache_init.part.0
813 16 0 0 0 0
814 40 8 0 0 0
fl=/usr/src/debug/glibc/glibc/malloc/malloc.c
fn=_int_free
3156 104878874 0 0 0 0
3158 209757748 0 0 0 0
3159 52439437 0 0 0 0
3160 104878874 0 0 0 0
4488 262197185 0 0 0 0
4492 157318311 0 0 0 0
4498 209757748 52439437 0 0 0
4499 104878874 52439437 0 0 0
4503 262197185 52439437 0 0 0
4510 104878874 0 0 0 0
4511 314636622 104878874 0 0 0
4514 52439437 0 0 0 0
4520 157318311 52439437 0 0 0
4540 262197185 52439437 1 0 0
4543 52439437 0 0 0 0
4651 262197185 0 0 0 0
fn=_int_malloc
1325 446 223 0 0 0
1344 892 223 0 0 0
1793 223 0 0 0 0
3839 2007 0 0 0 0
3880 446 223 1 0 0
3907 446 223 22 0 0
3909 808 0 0 0 0
3912 202 0 0 0 0
3914 404 202 4 0 0
3923 606 0 0 0 0
3970 42 21 5 0 0
3972 518 0 0 0 0
3973 442 0 0 0 0
3975 663 221 10 0 0
4032 10 2 2 0 0
4033 6 2 0 0 0
4051 651 0 0 0 0
4052 446 0 0 0 0
4053 669 223 3 0 0
4063 1115 223 8 0 0
4162 19 0 0 0 0
4211 892 0 0 0 0
4250 669 223 7 0 0
4252 8 0 0 0 0
4255 6 2 2 0 0
4256 669 0 0 0 0
4323 223 0 0 0 0
4324 446 0 0 0 0
4325 446 0 0 0 0
4326 446 0 0 0 0
4327 1561 0 0 0 0
4332 892 223 0 0 0
4336 2634 878 23 0 0
4339 3275 655 0 0 0
4436 223 0 0 0 0
4437 446 0 0 0 0
4439 446 223 0 0 0
4442 669 223 2 0 0
4444 222 0 0 0 0
4445 444 0 0 0 0
4446 222 0 0 0 0
4447 1776 0 0 0 0
4449 444 0 0 0 0
4452 222 0 0 0 0
4453 222 0 0 0 0
4459 3 1 1 0 0
4474 3 0 0 0 0
4475 2 1 1 0 0
4476 1338 0 0 0 0
4480 2007 0 0 0 0
fn=alloc_new_heap
2007 32 8 0 0 0
fn=alloc_perturb
1984 669 223 0 0 0
1986 223 0 0 0 0
fn=arena_get2.part.0
1945 3064 1016 20 0 0
1948 3048 0 0 0 0
1952 24 8 0 0 0
1954 8 0 0 0 0
1957 8 0 0 0 0
fn=calloc
3692 63 0 0 0 0
3702 81 9 1 0 0
3710 18 9 0 0 0
3713 27 9 0 0 0
3715 18 9 0 0 0
3718 72 18 1 0 0
3725 9 0 0 0 0
3726 18 0 0 0 0
3733 27 9 1 0 0
3747 27 0 0 0 0
3749 90 27 0 0 0
3752 18 9 2 0 0
3762 36 18 0 0 0
3777 18 0 0 0 0
3780 36 9 0 0 0
3789 27 9 0 0 0
3792 45 0 0 0 0
3800 9 0 0 0 0
3802 18 9 0 0 0
3804 18 9 2 0 0
3830 54 0 0 0 0
fn=free
3352 209757748 0 0 0 0
3356 104878874 52439437 0 0 0
3364 104878874 0 0 0 0
3366 52439437 0 0 0 0
3368 157318311 52439437 0 0 0
3385 157318311 52439437 0 0 0
3391 104878874 0 0 0 0
3394 52439437 0 0 0 0
3395 209757748 0 0 0 0
fn=malloc
1325 104879282 52439641 1 0 0
1344 262198205 52439641 0 0 0
3171 104878872 0 0 0 0
3175 104878872 52439436 0 0 0
3179 209757744 0 0 0 0
3183 104878872 0 0 0 0
3184 52439436 0 0 0 0
3241 36 9 0 0 0
3287 314637846 0 0 0 0
3294 104879282 52439641 1 0 0
3304 104879282 0 0 0 0
3306 209758564 52439641 11 0 0
3309 104879282 52439641 4 0 0
3310 36 9 0 0 0
3311 157318920 52439640 34 0 0
3319 410 205 6 0 0
3321 660 0 0 0 0
3322 825 165 0 0 0
3327 320 80 0 0 0
3329 120 0 0 0 0
3332 80 40 0 0 0
3340 160 80 1 0 0
3344 240 80 0 0 0
3347 262198205 0 0 0 0
fn=ptmalloc_init.part.0
1945 385 127 7 0 0
1948 381 0 0 0 0
1956 1 0 0 0 0
1957 1 0 0 0 0
1959 1 0 0 0 0
3137 2 1 1 0 0
fn=sysmalloc
2007 10 2 1 0 0
2527 9 0 0 0 0
2547 4 0 0 0 0
2548 1 0 0 0 0
2558 2 1 0 0 0
2559 2 1 0 0 0
2583 1 0 0 0 0
2584 3 0 0 0 0
2585 1 0 0 0 0
2594 6 1 1 0 0
2603 3 1 1 0 0
2664 2 0 0 0 0
2673 4 0 0 0 0
2686 3 1 0 0 0
2694 5 0 0 0 0
2702 2 1 1 0 0
2704 4 0 0 0 0
2705 4 1 0 0 0
2706 1 0 0 0 0
2707 1 0 0 0 0
2710 2 1 0 0 0
2739 3 1 1 0 0
2740 2 0 0 0 0
2741 5 0 0 0 0
2747 2 1 1 0 0
2750 4 2 1 0 0
2778 3 0 0 0 0
2790 3 1 1 0 0
2812 2 0 0 0 0
2813 6 0 0 0 0
2815 2 1 0 0 0
2816 3 0 0 0 0
2828 3 1 0 0 0
2870 1 0 0 0 0
2871 4 0 0 0 0
2872 3 0 0 0 0
2883 2 1 1 0 0
2916 2 1 0 0 0
2917 1 0 0 0 0
2921 1 0 0 0 0
2922 2 0 0 0 0
2925 2 1 0 0 0
2927 1 0 0 0 0
2928 1 0 0 0 0
2929 1 0 0 0 0
2930 8 0 0 0 0
2931 2 0 0 0 0
2933 1 0 0 0 0
2939 11 1 0 0 0
fn=tcache_init.part.0
3235 18 0 0 0 0
3244 40 10 2 0 0
3245 35 0 0 0 0
3246 18 9 2 0 0
3253 16 8 2 0 0
3254 36 18 2 0 0
3261 16 8 2 0 0
3263 18 0 0 0 0
3267 27 0 0 0 0
fl=/usr/src/debug/glibc/glibc/malloc/morecore.c
fn=__glibc_morecore
25 4 0 0 0 0
26 4 2 0 0 0
29 2 0 0 0 0
30 4 2 0 0 0
34 4 0 0 0 0
fl=/usr/src/debug/glibc/glibc/malloc/scratch_buffer_set_array_size.c
fn=__libc_scratch_buffer_set_array_size
30 20 0 0 0 0
34 2 0 0 0 0
35 4 2 2 0 0
45 4 2 2 0 0
46 2 0 0 0 0
63 8 0 0 0 0
fl=/usr/src/debug/glibc/glibc/misc/../sysdeps/unix/syscall-template.S
fn=mprotect
117 105 21 1 0 0
122 21 0 0 0 0
fn=munmap
117 35 7 2 0 0
122 7 0 0 0 0
fl=/usr/src/debug/glibc/glibc/misc/../sysdeps/unix/sysv/linux/brk.c
fn=brk
36 2 0 0 0 0
37 4 0 0 0 0
38 4 2 0 0 0
44 2 0 0 0 0
45 2 0 0 0 0
fl=/usr/src/debug/glibc/glibc/misc/../sysdeps/unix/sysv/linux/brk_call.h
fn=brk
24 4 0 0 0 0
fl=/usr/src/debug/glibc/glibc/misc/../sysdeps/unix/sysv/linux/clone-internal.c
fn=__clone3_internal
82 11 0 0 0 0
88 27 9 2 0 0
90 3 0 0 0 0
91 5 2 1 0 0
92 9 0 0 0 0
94 1 0 0 0 0
98 9 0 0 0 0
99 1 0 0 0 0
100 18 0 0 0 0
fn=__clone_internal
53 18 0 0 0 0
69 18 0 0 0 0
71 72 0 0 0 0
105 81 0 0 0 0
107 18 0 0 0 0
108 9 0 0 0 0
109 36 18 0 0 0
114 9 0 0 0 0
117 16 0 0 0 0
118 48 0 0 0 0
fl=/usr/src/debug/glibc/glibc/misc/../sysdeps/unix/sysv/linux/getpagesize.c
fn=getpagesize
27 9 0 0 0 0
28 36 9 0 0 0
30 9 0 0 0 0
fl=/usr/src/debug/glibc/glibc/misc/../sysdeps/unix/sysv/linux/mmap64.c
fn=mmap
47 145 0 0 0 0
50 58 29 0 0 0
53 157 50 21 0 0
58 174 29 0 0 0
60 87 0 0 0 0
fl=/usr/src/debug/glibc/glibc/misc/../sysdeps/unix/sysv/linux/x86_64/clone.S
fn=clone
52 9 0 0 0 0
54 9 0 0 0 0
55 9 0 0 0 0
56 9 9 0 0 0
59 9 0 0 0 0
60 9 9 0 0 0
63 9 0 0 0 0
65 9 0 0 0 0
69 9 0 0 0 0
72 9 0 0 0 0
73 9 0 0 0 0
74 9 0 0 0 0
75 9 0 0 0 0
76 9 0 0 0 0
81 9 0 0 0 0
83 16 0 0 0 0
84 16 16 0 0 0
85 16 16 8 0 0
87 8 0 0 0 0
95 8 0 0 0 0
98 8 0 0 0 0
99 8 0 0 0 0
100 8 0 0 8 1
fl=/usr/src/debug/glibc/glibc/misc/../sysdeps/unix/sysv/linux/x86_64/clone3.S
fn=clone3
42 1 0 0 0 0
44 1 0 0 0 0
45 1 0 0 0 0
46 1 1 0 0 0
47 1 0 0 0 0
48 1 1 0 0 0
52 1 0 0 0 0
55 1 0 0 0 0
60 1 0 0 0 0
62 1 0 0 0 0
63 1 1 1 0 0
86 5 0 0 0 0
fl=/usr/src/debug/glibc/glibc/misc/init-misc.c
fn=__init_misc
30 5 0 0 0 0
31 5 2 1 0 0
33 3 0 0 0 0
37 5 0 0 0 0
38 3 0 0 0 0
40 4 0 0 0 0
fl=/usr/src/debug/glibc/glibc/misc/sbrk.c
fn=sbrk
37 10 0 0 0 0
40 4 0 0 0 0
43 4 2 2 0 0
58 4 2 1 0 0
59 4 1 0 0 0
62 4 2 1 0 0
63 2 0 0 0 0
66 4 2 1 0 0
74 3 1 0 0 0
78 10 0 0 0 0
fl=/usr/src/debug/glibc/glibc/nptl/../include/list.h
fn=__nptl_stack_list_add
43 45 0 0 0 0
45 9 0 0 0 0
47 9 0 0 0 0
fl=/usr/src/debug/glibc/glibc/nptl/../sysdeps/unix/sysv/linux/internal-signals.h
fn=pthread_create@@GLIBC_2.34
81 63 0 0 0 0
89 48 0 0 0 0
fn=start_thread
89 40 0 0 0 0
fl=/usr/src/debug/glibc/glibc/nptl/../sysdeps/unix/sysv/linux/internal-sigset.h
fn=pthread_create@@GLIBC_2.34
34 9 0 0 0 0
102 9 0 0 0 0
103 9 0 0 0 0
fl=/usr/src/debug/glibc/glibc/nptl/../sysdeps/unix/sysv/linux/rseq-internal.h
fn=start_thread
32 16 8 0 0 0
40 8 0 0 0 0
fl=/usr/src/debug/glibc/glibc/nptl/../sysdeps/unix/sysv/linux/sigsetops.h
fn=pthread_create@@GLIBC_2.34
54 1 0 0 0 0
104 2 0 0 0 0
fl=/usr/src/debug/glibc/glibc/nptl/../sysdeps/unix/sysv/linux/x86/elision-conf.c
fn=__lll_elision_init
92 6 0 0 0 0
96 5 0 0 1 1
98 4 0 0 1 1
100 4 0 0 1 1
102 4 0 0 1 1
104 4 0 0 1 1
107 3 1 0 0 0
108 1 0 0 0 0
109 6 1 0 0 0
fl=/usr/src/debug/glibc/glibc/nptl/../sysdeps/x86/nptl/tls-setup.h
fn=pthread_create@@GLIBC_2.34
22 18 0 0 0 0
fl=/usr/src/debug/glibc/glibc/nptl/./nptl-stack.h
fn=pthread_create@@GLIBC_2.34
61 90 0 0 0 0
fl=/usr/src/debug/glibc/glibc/nptl/allocatestack.c
fn=pthread_create@@GLIBC_2.34
64 36 9 0 0 0
72 36 9 2 0 0
97 36 18 0 0 0
166 18 0 0 0 0
170 54 9 0 0 0
219 36 0 0 0 0
223 27 9 0 0 0
228 27 9 0 0 0
238 18 9 0 0 0
328 18 0 0 0 0
329 54 0 0 0 0
333 27 9 0 0 0
343 54 0 0 0 0
347 54 18 2 0 0
351 18 9 0 0 0
352 27 0 0 0 0
353 9 0 0 0 0
366 126 0 0 0 0
369 36 9 0 0 0
374 36 9 0 0 0
380 18 9 0 0 0
385 18 0 0 0 0
386 9 0 0 0 0
395 27 9 0 0 0
407 18 0 0 0 0
408 18 0 0 0 0
411 18 0 0 0 0
416 18 0 0 0 0
419 9 0 0 0 0
426 9 0 0 0 0
429 45 9 2 9 1
442 36 9 0 0 0
445 54 0 0 0 0
447 45 18 0 0 0
454 36 18 0 0 0
477 36 9 0 0 0
506 54 9 0 0 0
544 18 0 0 0 0
549 9 0 0 0 0
554 9 0 0 0 0
557 9 0 0 0 0
559 36 0 0 0 0
570 36 0 0 0 0
575 18 0 0 0 0
fl=/usr/src/debug/glibc/glibc/nptl/nptl-stack.c
fn=__nptl_stack_list_add
43 9 0 0 0 0
44 36 0 0 0 0
52 9 0 0 0 0
53 9 0 0 0 0
fl=/usr/src/debug/glibc/glibc/nptl/pthread_attr_copy.c
fn=__pthread_attr_copy
25 99 0 0 0 0
29 72 0 0 0 0
32 9 0 0 0 0
38 27 9 2 0 0
61 72 0 0 0 0
62 9 0 0 0 0
63 90 9 0 0 0
fl=/usr/src/debug/glibc/glibc/nptl/pthread_attr_destroy.c
fn=pthread_attr_destroy
26 8 0 0 0 0
36 24 8 2 0 0
44 16 0 0 0 0
fl=/usr/src/debug/glibc/glibc/nptl/pthread_create.c
fn=create_thread
236 90 0 0 0 0
240 45 9 3 0 0
244 18 9 0 0 0
247 18 0 0 0 0
248 18 9 0 0 0
287 99 0 0 0 0
290 9 0 0 0 0
297 36 0 0 0 0
298 16 8 0 0 0
303 8 0 0 0 0
309 16 8 3 0 0
321 16 8 0 0 0
332 8 0 0 0 0
333 80 8 0 0 0
fn=pthread_create@@GLIBC_2.34
81 2 0 0 0 0
82 1 0 0 0 0
83 4 0 0 0 0
90 6 0 0 0 0
606 36 9 0 0 0
623 135 0 0 0 0
629 18 9 1 0 0
632 1 0 0 0 0
635 3 0 0 0 0
641 9 0 0 0 0
642 27 9 0 0 0
644 36 0 0 0 0
645 18 9 0 0 0
647 18 0 0 0 0
660 1 0 0 0 0
671 9 0 0 0 0
674 9 0 0 0 0
680 18 0 0 0 0
681 18 0 0 0 0
682 9 0 0 0 0
685 9 0 0 0 0
686 36 0 0 0 0
687 27 0 0 0 0
691 9 0 0 0 0
692 36 0 0 0 0
697 36 0 0 0 0
700 36 0 0 0 0
705 18 0 0 0 0
706 18 0 0 0 0
710 18 0 0 0 0
715 18 0 0 0 0
727 18 0 0 0 0
728 18 9 0 0 0
748 18 9 1 0 0
749 3 0 0 0 0
752 27 0 0 0 0
754 9 0 0 0 0
764 9 9 1 0 0
769 18 0 0 0 0
777 27 9 3 0 0
788 18 0 0 0 0
833 62 0 0 0 0
840 16 8 0 0 0
880 16 8 0 0 0
890 16 0 0 0 0
894 16 8 0 0 0
895 16 0 0 0 0
898 105 8 0 0 0
fn=start_thread
338 72 0 0 0 0
345 16 8 8 0 0
367 32 0 0 0 0
370 8 0 0 0 0
374 8 0 0 0 0
385 40 0 0 0 0
402 32 0 0 0 0
416 16 0 0 0 0
420 48 16 0 0 0
423 16 8 0 0 0
426 16 0 0 0 0
428 16 0 0 0 0
430 8 0 0 0 0
434 16 8 2 0 0
444 24 0 0 8 1
fl=/usr/src/debug/glibc/glibc/nptl/pthread_getattr_default_np.c
fn=pthread_getattr_default_np@@GLIBC_2.34
24 36 0 0 0 0
25 36 9 0 0 0
26 27 0 0 0 0
27 36 18 0 0 0
29 27 0 0 0 0
fl=/usr/src/debug/glibc/glibc/nptl/pthread_mutex_conf.c
fn=__pthread_tunables_init
55 6 0 0 0 0
56 5 0 0 1 1
58 4 0 0 1 1
60 4 0 0 1 1
62 6 1 0 0 0
fl=/usr/src/debug/glibc/glibc/nptl/pthread_mutex_lock.c
fn=pthread_mutex_lock@@GLIBC_2.2.5
44 9 0 0 0 0
45 36 18 2 0 0
48 36 9 2 0 0
77 27 0 0 0 0
80 27 0 0 0 0
82 9 0 0 0 0
84 18 9 0 0 0
88 18 9 2 0 0
97 18 9 0 0 0
108 36 9 0 0 0
112 9 0 0 0 0
115 18 9 2 0 0
124 9 0 0 0 0
130 27 9 0 0 0
131 18 0 0 0 0
179 9 0 0 0 0
182 9 0 0 0 0
184 9 0 0 0 0
187 9 0 0 0 0
190 27 0 0 0 0
fl=/usr/src/debug/glibc/glibc/nptl/pthread_mutex_unlock.c
fn=__pthread_mutex_unlock_usercnt
39 9 0 0 0 0
40 36 18 2 0 0
43 36 18 2 0 0
48 18 0 0 0 0
51 27 0 0 0 0
52 18 9 0 0 0
57 18 9 2 0 0
62 9 0 0 0 0
63 18 9 2 0 0
65 18 0 0 0 0
70 9 0 0 0 0
72 9 0 0 0 0
74 18 9 2 0 0
80 36 9 0 0 0
84 27 9 2 0 0
87 27 9 0 0 0
104 18 0 0 0 0
fn=pthread_mutex_unlock@@GLIBC_2.2.5
367 9 0 0 0 0
368 18 0 0 0 0
fl=/usr/src/debug/glibc/glibc/resource/../sysdeps/unix/sysv/linux/getrlimit64.c
fn=getrlimit
38 2 0 0 0 0
39 7 1 0 0 0
40 1 0 0 0 0
fl=/usr/src/debug/glibc/glibc/setjmp/../sysdeps/x86_64/bsd-_setjmp.S
fn=_setjmp
28 9 0 0 0 0
30 9 0 0 0 0
32 9 0 0 0 0
fl=/usr/src/debug/glibc/glibc/setjmp/../sysdeps/x86_64/setjmp.S
fn=__sigsetjmp
31 12 0 0 0 0
33 12 0 0 0 0
42 12 0 0 0 0
43 24 0 0 0 0
44 12 0 0 0 0
48 12 0 0 0 0
49 12 0 0 0 0
50 12 0 0 0 0
51 12 0 0 0 0
52 12 0 0 0 0
54 24 0 0 0 0
56 12 0 0 0 0
57 12 0 0 0 0
58 12 0 0 0 0
60 24 0 0 0 0
62 12 0 0 0 0
67 9 0 0 0 0
68 9 9 6 0 0
70 3 0 0 0 0
73 3 0 0 0 0
74 3 0 0 0 0
81 3 0 0 0 0
82 3 0 0 0 0
85 9 0 0 0 0
fl=/usr/src/debug/glibc/glibc/setjmp/sigjmp.c
fn=__sigjmp_save
28 27 0 0 0 0
29 9 0 0 0 0
30 18 9 0 0 0
34 27 0 0 0 0
fl=/usr/src/debug/glibc/glibc/signal/../string/bits/string_fortified.h
fn=__libc_sigaction
29 16 0 0 0 0
fl=/usr/src/debug/glibc/glibc/signal/../sysdeps/unix/sysv/linux/libc_sigaction.c
fn=__libc_sigaction
43 6 0 0 0 0
48 2 1 0 0 0
50 2 0 0 0 0
53 5 0 0 0 0
58 11 1 0 0 0
63 4 1 1 0 0
71 6 1 0 0 0
fl=/usr/src/debug/glibc/glibc/stdio-common/../include/printf_buffer.h
fn=__printf_buffer
163 8 4 4 0 0
fn=__printf_buffer_to_file_init
124 4 0 0 0 0
127 2 0 0 0 0
128 2 0 0 0 0
137 4 0 0 0 0
fl=/usr/src/debug/glibc/glibc/stdio-common/../libio/libioP.h
fn=__printf_buffer_flush_to_file
1025 6 0 0 0 0
1026 4 2 0 0 0
fl=/usr/src/debug/glibc/glibc/stdio-common/../string/bits/string_fortified.h
fn=__printf_buffer_write
29 12 0 0 4 1
fl=/usr/src/debug/glibc/glibc/stdio-common/Xprintf_buffer_done.c
fn=__printf_buffer_done
25 2 0 0 0 0
26 6 2 0 0 0
31 4 0 0 0 0
33 24 4 0 0 0
40 2 0 0 0 0
fl=/usr/src/debug/glibc/glibc/stdio-common/Xprintf_buffer_write.c
fn=__printf_buffer_write
27 42 0 0 0 0
28 18 6 0 0 0
31 28 10 6 0 0
33 20 4 4 0 0
36 4 0 0 0 0
37 8 0 0 0 0
40 12 0 0 0 0
41 4 0 0 0 0
44 36 0 0 0 0
fl=/usr/src/debug/glibc/glibc/stdio-common/_itoa.c
fn=_itoa_word
164 2 0 0 0 0
167 8 0 0 0 0
169 4 2 2 0 0
178 74 5 3 0 0
187 4 0 0 0 0
fl=/usr/src/debug/glibc/glibc/stdio-common/printf-parse.h
fn=__printf_buffer
82 18 0 0 0 0
fl=/usr/src/debug/glibc/glibc/stdio-common/printf.c
fn=printf
28 24 2 2 0 0
32 12 0 0 0 0
33 14 0 0 0 0
37 10 2 0 0 0
fl=/usr/src/debug/glibc/glibc/stdio-common/printf_buffer_to_file.c
fn=__printf_buffer_flush_to_file
49 12 0 0 0 0
51 8 0 0 0 0
53 8 2 2 0 0
58 6 0 0 0 0
59 12 2 2 2 1
65 4 0 0 0 0
104 8 0 0 0 0
fn=__printf_buffer_to_file_done
117 6 0 0 0 0
118 6 2 0 0 0
120 2 0 0 0 0
121 4 0 0 0 0
122 2 0 0 0 0
fn=__printf_buffer_to_file_init
108 2 0 0 0 0
109 4 0 0 0 0
111 2 0 0 0 0
112 2 0 0 0 0
fn=__printf_buffer_to_file_switch
29 4 0 0 0 0
30 20 4 0 0 0
40 4 0 0 0 0
41 4 0 0 0 0
44 16 0 0 0 0
45 4 0 0 0 0
fl=/usr/src/debug/glibc/glibc/stdio-common/vfprintf-internal.c
fn=__printf_buffer
600 26 0 0 0 0
627 10 0 0 0 0
631 2 0 0 0 0
634 2 0 0 0 0
638 8 0 0 0 0
642 2 0 0 0 0
649 2 0 0 0 0
653 4 0 0 0 0
654 6 0 0 0 0
655 6 2 0 0 0
659 4 2 0 0 0
663 18 6 0 0 0
683 4 0 0 2 1
684 2 0 0 0 0
685 2 0 0 0 0
686 2 0 0 0 0
687 2 0 0 0 0
690 2 0 0 0 0
691 2 0 0 0 0
692 2 0 0 0 0
693 2 0 0 0 0
694 2 0 0 0 0
695 2 0 0 0 0
698 2 0 0 0 0
699 2 0 0 0 0
705 30 2 2 0 0
1018 2 0 0 0 0
1024 6 0 0 0 0
1028 6 0 0 0 0
1029 4 0 0 0 0
1031 4 2 2 0 0
1044 22 2 0 0 0
fn=__vfprintf_internal
1501 24 0 0 0 0
1504 14 4 4 0 0
1508 10 4 0 0 0
1519 4 2 2 0 0
1522 8 0 0 0 0
1523 10 0 0 0 0
1524 6 0 0 0 0
1546 22 2 0 0 0
fl=/usr/src/debug/glibc/glibc/stdio-common/vfprintf-process-arg.c
fn=__printf_buffer
35 2 0 0 0 0
48 4 2 2 0 0
49 2 0 0 0 0
50 4 2 2 0 0
52 4 2 0 0 0
53 16 2 0 0 0
57 4 0 0 0 0
58 4 2 0 0 0
136 6 2 2 0 0
138 4 0 0 0 0
155 26 0 0 0 0
161 20 4 2 0 0
166 8 0 0 0 0
170 2 0 0 0 0
186 10 2 2 0 0
187 18 0 0 0 0
195 10 0 0 0 0
197 6 2 0 0 0
199 8 0 0 0 0
201 12 2 0 0 0
206 4 0 0 0 0
208 8 2 0 0 0
211 4 2 2 0 0
224 4 2 0 0 0
233 4 2 0 0 0
236 4 2 2 0 0
240 10 0 0 0 0
308 2 0 0 0 0
fl=/usr/src/debug/glibc/glibc/stdlib/cxa_atexit.c
fn=__cxa_atexit
67 1 0 0 0 0
68 2 0 0 0 0
fn=__internal_atexit
36 6 0 0 0 0
41 2 1 0 0 0
43 8 1 0 0 0
44 2 0 0 0 0
46 2 1 0 0 0
52 3 0 0 0 0
53 1 0 0 0 0
54 1 0 0 0 0
55 1 0 0 0 0
56 1 0 0 0 0
57 4 2 1 0 0
58 1 0 0 0 0
59 6 0 0 0 0
fn=__new_exitfn
80 5 0 0 0 0
81 1 0 0 0 0
86 2 1 0 0 0
91 9 2 1 0 0
93 4 1 0 0 0
101 1 0 0 0 0
122 1 0 0 0 0
123 1 0 0 0 0
134 1 0 0 0 0
136 1 0 0 0 0
137 1 0 0 0 0
141 5 0 0 0 0
fl=/usr/src/debug/glibc/glibc/string/../include/rtld-malloc.h
fn=strdup
56 4 0 0 2 1
fl=/usr/src/debug/glibc/glibc/string/../string/strcspn.c
fn=strcspn
32 4 0 0 0 0
33 3 1 0 0 0
34 2 1 0 0 0
39 6 0 0 0 0
40 4 0 0 0 0
41 4 0 0 0 0
42 4 0 0 0 0
44 1 0 0 0 0
47 9 0 0 0 0
48 6 3 2 0 0
51 4 1 0 0 0
52 4 1 0 0 0
53 4 1 0 0 0
54 4 1 0 0 0
56 3 0 0 0 0
61 11 0 0 0 0
62 22 0 0 0 0
63 22 0 0 0 0
64 22 0 0 0 0
65 11 0 0 0 0
67 66 11 10 0 0
69 1 0 0 0 0
70 4 1 1 0 0
71 3 0 0 0 0
fl=/usr/src/debug/glibc/glibc/string/../sysdeps/x86/cacheinfo.c
fn=__x86_cacheinfo
86 1 0 0 0 0
fl=/usr/src/debug/glibc/glibc/string/../sysdeps/x86/cacheinfo.h
fn=__x86_cacheinfo
59 1 0 0 0 0
62 3 1 0 0 0
64 3 0 0 0 0
65 1 0 0 0 0
71 3 1 0 0 0
73 3 0 0 0 0
74 1 0 0 0 0
78 2 0 0 0 0
80 2 0 0 0 0
81 2 0 0 0 0
82 2 0 0 0 0
84 2 1 1 0 0
86 2 0 0 0 0
fl=/usr/src/debug/glibc/glibc/string/../sysdeps/x86_64/multiarch/../multiarch/memcmp-sse2.S
fn=bcmp
59 1 0 0 0 0
71 1 0 0 0 0
72 1 1 0 0 0
94 1 0 0 0 0
95 1 1 1 0 0
140 1 0 0 0 0
141 1 0 0 0 0
143 1 0 0 0 0
144 1 1 0 0 0
146 1 0 0 0 0
147 1 0 0 0 0
149 1 0 0 0 0
150 1 1 1 0 0
197 1 0 0 0 0
198 1 0 0 0 0
199 1 0 0 0 0
200 1 0 0 0 0
201 1 0 0 0 0
202 1 0 0 0 0
fl=/usr/src/debug/glibc/glibc/string/../sysdeps/x86_64/multiarch/../multiarch/memset-vec-unaligned-erms.S
fn=memset
132 13 0 0 0 0
133 65 0 0 0 0
138 13 0 0 0 0
139 13 13 3 0 0
142 11 0 0 0 0
143 11 11 3 0 0
244 11 0 0 0 0
245 11 0 0 0 0
257 11 0 0 0 0
260 11 0 0 0 0
261 11 11 0 0 0
273 11 0 0 0 0
274 11 0 0 0 0
287 11 0 0 0 0
288 11 0 0 0 0
290 11 11 2 0 0
293 1 0 0 0 0
296 2 0 0 0 0
299 35 0 0 0 0
300 35 0 0 0 0
301 35 0 0 0 0
302 35 0 0 0 0
303 35 0 0 0 0
304 35 0 0 0 0
305 35 35 10 0 0
308 11 0 0 0 0
309 11 0 0 0 0
310 11 0 0 0 0
311 11 0 0 0 0
316 11 0 0 0 0
350 2 0 0 0 0
352 2 0 0 0 0
353 2 2 2 0 0
392 2 0 0 0 0
393 2 0 0 0 0
395 2 0 0 0 0
fl=/usr/src/debug/glibc/glibc/string/../sysdeps/x86_64/multiarch/../multiarch/strchr-sse2.S
fn=index
32 14 0 0 0 0
33 14 0 0 0 0
34 14 0 0 0 0
35 14 0 0 0 0
36 14 0 0 0 0
37 14 0 0 0 0
38 14 0 0 0 0
39 14 0 0 0 0
40 14 14 0 0 0
41 14 0 0 0 0
42 14 0 0 0 0
43 14 0 0 0 0
44 14 0 0 0 0
45 14 0 0 0 0
46 14 0 0 0 0
47 14 0 0 0 0
48 14 0 0 0 0
49 14 14 2 0 0
50 12 0 0 0 0
54 12 0 0 0 0
55 12 0 0 0 0
56 12 0 0 0 0
57 12 0 0 0 0
59 12 0 0 0 0
63 2 0 0 0 0
64 2 0 0 0 0
65 2 0 0 0 0
66 2 0 0 0 0
67 2 0 0 0 0
68 2 0 0 0 0
69 2 0 0 0 0
70 2 0 0 0 0
71 2 0 0 0 0
72 2 0 0 0 0
73 2 0 0 0 0
74 2 0 0 0 0
75 2 0 0 0 0
76 2 0 0 0 0
77 2 0 0 0 0
78 2 0 0 0 0
79 2 0 0 0 0
80 2 0 0 0 0
81 2 0 0 0 0
82 2 0 0 0 0
83 2 0 0 0 0
84 2 0 0 0 0
85 2 0 0 0 0
86 2 2 2 0 0
138 2 0 0 0 0
142 2 0 0 0 0
143 2 0 0 0 0
144 2 0 0 0 0
145 2 0 0 0 0
147 2 0 0 0 0
fl=/usr/src/debug/glibc/glibc/string/../sysdeps/x86_64/multiarch/../multiarch/strcmp-sse2.S
fn=strcmp
98 178 0 0 0 0
131 178 0 0 0 0
132 178 0 0 0 0
134 178 0 0 0 0
135 178 0 0 0 0
156 178 0 0 0 0
157 178 164 29 0 0
158 148 0 0 0 0
159 148 148 35 0 0
160 106 0 0 0 0
161 106 0 0 0 0
162 106 0 0 0 0
163 106 0 0 0 0
180 106 0 0 0 0
181 106 0 0 0 0
182 106 0 0 0 0
183 106 0 0 0 0
184 106 0 0 0 0
185 106 0 0 0 0
186 106 106 22 0 0
191 8 0 0 0 0
192 24 0 0 0 0
201 80 0 0 0 0
202 80 0 0 0 0
203 80 0 0 0 0
204 80 0 0 0 0
205 80 0 0 0 0
206 80 0 0 0 0
207 80 0 0 0 0
208 80 80 3 0 0
209 77 77 21 0 0
210 46 0 0 0 0
211 46 0 0 0 0
212 46 0 0 0 0
214 77 0 0 0 0
215 77 0 0 0 0
216 77 0 0 0 0
217 77 0 0 0 0
218 77 0 0 0 0
219 77 0 0 77 50
229 3 0 0 0 0
230 3 0 0 0 0
231 3 0 0 0 0
233 3 0 0 0 0
239 3 0 0 0 0
240 3 0 0 0 0
241 3 0 0 0 0
242 3 0 0 0 0
243 3 0 0 0 0
248 3 3 1 0 0
250 1 0 0 0 0
251 1 0 0 0 0
252 2 0 0 0 0
260 1 0 0 0 0
261 1 0 0 0 0
264 1 0 0 0 0
265 1 0 0 0 0
266 1 0 0 0 0
267 1 0 0 0 0
268 1 0 0 0 0
269 1 1 1 0 0
300 1 0 0 0 0
301 1 0 0 0 0
302 1 0 0 0 0
303 1 0 0 0 0
304 1 0 0 0 0
306 1 0 0 0 0
307 1 0 0 0 0
308 1 0 0 0 0
309 1 0 0 0 0
310 1 0 0 0 0
311 1 0 0 0 0
312 1 1 0 0 0
542 13 0 0 0 0
543 13 0 0 0 0
544 13 0 0 0 0
545 13 0 0 0 0
546 13 0 0 0 0
548 13 0 0 0 0
549 13 0 0 0 0
550 13 0 0 0 0
551 13 0 0 0 0
552 13 0 0 0 0
553 13 0 0 0 0
554 13 13 7 0 0
555 2 0 0 0 0
559 2 0 0 0 0
560 2 0 0 0 0
561 2 0 0 0 0
567 2 0 0 0 0
568 2 0 0 0 0
569 4 0 0 0 0
573 2 0 0 0 0
574 2 2 0 0 0
577 2 0 0 0 0
578 2 0 0 0 0
579 2 0 0 0 0
581 2 0 0 0 0
582 2 0 0 0 0
583 2 0 0 0 0
587 2 0 0 0 0
588 2 0 0 0 0
589 2 0 0 0 0
590 2 0 0 0 0
591 2 0 0 0 0
592 2 2 2 0 0
780 2 0 0 0 0
781 2 0 0 0 0
782 2 0 0 0 0
783 2 0 0 0 0
784 2 0 0 0 0
786 2 0 0 0 0
787 2 0 0 0 0
788 2 0 0 0 0
789 2 0 0 0 0
790 2 0 0 0 0
791 2 0 0 0 0
792 2 2 1 0 0
793 1 0 0 0 0
797 1 0 0 0 0
798 1 0 0 0 0
799 1 0 0 0 0
805 1 0 0 0 0
806 1 0 0 0 0
807 2 0 0 0 0
811 1 0 0 0 0
812 1 1 0 0 0
815 1 0 0 0 0
816 1 0 0 0 0
817 1 0 0 0 0
819 1 0 0 0 0
820 1 0 0 0 0
821 1 0 0 0 0
825 1 0 0 0 0
826 1 0 0 0 0
827 1 0 0 0 0
828 1 0 0 0 0
829 1 0 0 0 0
830 1 1 1 0 0
899 1 0 0 0 0
900 1 0 0 0 0
901 1 0 0 0 0
902 1 0 0 0 0
903 1 0 0 0 0
905 1 0 0 0 0
906 1 0 0 0 0
907 1 0 0 0 0
908 1 0 0 0 0
909 1 0 0 0 0
910 1 0 0 0 0
911 1 1 0 0 0
912 1 0 0 0 0
916 1 0 0 0 0
917 1 0 0 0 0
918 1 0 0 0 0
924 1 0 0 0 0
925 1 0 0 0 0
926 2 0 0 0 0
930 1 0 0 0 0
931 1 1 0 0 0
934 1 0 0 0 0
935 1 0 0 0 0
936 1 0 0 0 0
938 1 0 0 0 0
939 1 0 0 0 0
940 1 0 0 0 0
944 1 0 0 0 0
945 1 0 0 0 0
946 1 0 0 0 0
947 1 0 0 0 0
948 1 0 0 0 0
949 1 1 1 0 0
1018 3 0 0 0 0
1019 3 0 0 0 0
1020 3 0 0 0 0
1021 3 0 0 0 0
1022 3 0 0 0 0
1024 3 0 0 0 0
1025 3 0 0 0 0
1026 3 0 0 0 0
1027 3 0 0 0 0
1028 3 0 0 0 0
1029 3 0 0 0 0
1030 3 3 1 0 0
1031 3 0 0 0 0
1035 3 0 0 0 0
1036 3 0 0 0 0
1037 3 0 0 0 0
1043 3 0 0 0 0
1044 3 0 0 0 0
1045 6 0 0 0 0
1049 3 0 0 0 0
1050 3 3 0 0 0
1053 3 0 0 0 0
1054 3 0 0 0 0
1055 3 0 0 0 0
1057 3 0 0 0 0
1058 3 0 0 0 0
1059 3 0 0 0 0
1063 3 0 0 0 0
1064 3 0 0 0 0
1065 3 0 0 0 0
1066 3 0 0 0 0
1067 3 0 0 0 0
1068 3 3 1 0 0
1075 1 0 0 0 0
1076 1 0 0 0 0
1078 1 0 0 0 0
1079 1 1 0 0 0
1081 1 0 0 0 0
1082 1 0 0 0 0
1083 1 0 0 0 0
1085 1 0 0 0 0
1086 1 0 0 0 0
1087 1 0 0 0 0
1091 1 0 0 0 0
1092 1 0 0 0 0
1093 1 0 0 0 0
1094 1 0 0 0 0
1095 1 0 0 0 0
1096 1 1 1 0 0
1137 1 0 0 0 0
1138 1 0 0 0 0
1139 1 0 0 0 0
1140 1 0 0 0 0
1141 1 0 0 0 0
1143 1 0 0 0 0
1144 1 0 0 0 0
1145 1 0 0 0 0
1146 1 0 0 0 0
1147 1 0 0 0 0
1148 1 0 0 0 0
1149 1 1 0 0 0
1150 1 0 0 0 0
1154 1 0 0 0 0
1155 1 0 0 0 0
1156 1 0 0 0 0
1162 1 0 0 0 0
1163 1 0 0 0 0
1164 2 0 0 0 0
1168 1 0 0 0 0
1169 1 1 0 0 0
1172 1 0 0 0 0
1173 1 0 0 0 0
1174 1 0 0 0 0
1176 1 0 0 0 0
1177 1 0 0 0 0
1178 1 0 0 0 0
1182 1 0 0 0 0
1183 1 0 0 0 0
1184 1 0 0 0 0
1185 1 0 0 0 0
1186 1 0 0 0 0
1187 1 1 0 0 0
1256 11 0 0 0 0
1257 11 0 0 0 0
1258 11 0 0 0 0
1259 11 0 0 0 0
1260 11 0 0 0 0
1262 11 0 0 0 0
1263 11 0 0 0 0
1264 11 0 0 0 0
1265 11 0 0 0 0
1266 11 0 0 0 0
1267 11 0 0 0 0
1268 11 11 3 0 0
1269 2 0 0 0 0
1273 2 0 0 0 0
1274 2 0 0 0 0
1275 2 0 0 0 0
1281 2 0 0 0 0
1282 2 0 0 0 0
1283 4 0 0 0 0
1287 2 0 0 0 0
1288 2 2 0 0 0
1291 2 0 0 0 0
1292 2 0 0 0 0
1293 2 0 0 0 0
1295 2 0 0 0 0
1296 2 0 0 0 0
1297 2 0 0 0 0
1301 2 0 0 0 0
1302 2 0 0 0 0
1303 2 0 0 0 0
1304 2 0 0 0 0
1305 2 0 0 0 0
1306 2 2 2 0 0
1375 1 0 0 0 0
1376 1 0 0 0 0
1377 1 0 0 0 0
1378 1 0 0 0 0
1379 1 0 0 0 0
1381 1 0 0 0 0
1382 1 0 0 0 0
1383 1 0 0 0 0
1384 1 0 0 0 0
1385 1 0 0 0 0
1386 1 0 0 0 0
1387 1 1 0 0 0
1388 1 0 0 0 0
1392 1 0 0 0 0
1393 1 0 0 0 0
1394 1 0 0 0 0
1400 1 0 0 0 0
1401 1 0 0 0 0
1402 2 0 0 0 0
1406 1 0 0 0 0
1407 1 1 0 0 0
1410 1 0 0 0 0
1411 1 0 0 0 0
1412 1 0 0 0 0
1414 1 0 0 0 0
1415 1 0 0 0 0
1416 1 0 0 0 0
1420 1 0 0 0 0
1421 1 0 0 0 0
1422 1 0 0 0 0
1423 1 0 0 0 0
1424 1 0 0 0 0
1425 1 1 1 0 0
1494 5 0 0 0 0
1495 5 0 0 0 0
1496 5 0 0 0 0
1497 5 0 0 0 0
1498 5 0 0 0 0
1500 5 0 0 0 0
1501 5 0 0 0 0
1502 5 0 0 0 0
1503 5 0 0 0 0
1504 5 0 0 0 0
1505 5 0 0 0 0
1506 5 5 3 0 0
1507 2 0 0 0 0
1511 2 0 0 0 0
1512 2 0 0 0 0
1513 2 0 0 0 0
1519 2 0 0 0 0
1520 2 0 0 0 0
1521 4 0 0 0 0
1525 2 0 0 0 0
1526 2 2 0 0 0
1529 2 0 0 0 0
1530 2 0 0 0 0
1531 2 0 0 0 0
1533 2 0 0 0 0
1534 2 0 0 0 0
1535 2 0 0 0 0
1539 2 0 0 0 0
1540 2 0 0 0 0
1541 2 0 0 0 0
1542 2 0 0 0 0
1543 2 0 0 0 0
1544 2 2 2 0 0
1551 1 0 0 0 0
1552 1 0 0 0 0
1554 1 0 0 0 0
1555 1 1 0 0 0
1557 1 0 0 0 0
1558 1 0 0 0 0
1559 1 0 0 0 0
1561 1 0 0 0 0
1562 1 0 0 0 0
1563 1 0 0 0 0
1567 1 0 0 0 0
1568 1 0 0 0 0
1569 1 0 0 0 0
1570 1 0 0 0 0
1571 1 0 0 0 0
1572 1 1 1 0 0
1613 3 0 0 0 0
1614 3 0 0 0 0
1615 3 0 0 0 0
1616 3 0 0 0 0
1617 3 0 0 0 0
1619 3 0 0 0 0
1620 3 0 0 0 0
1621 3 0 0 0 0
1622 3 0 0 0 0
1623 3 0 0 0 0
1624 3 0 0 0 0
1625 3 3 1 0 0
1626 3 0 0 0 0
1630 3 0 0 0 0
1631 3 0 0 0 0
1632 3 0 0 0 0
1638 3 0 0 0 0
1639 3 0 0 0 0
1640 6 0 0 0 0
1644 3 0 0 0 0
1645 3 3 0 0 0
1648 3 0 0 0 0
1649 3 0 0 0 0
1650 3 0 0 0 0
1652 3 0 0 0 0
1653 3 0 0 0 0
1654 3 0 0 0 0
1658 3 0 0 0 0
1659 3 0 0 0 0
1660 3 0 0 0 0
1661 3 0 0 0 0
1662 3 0 0 0 0
1663 3 3 1 0 0
1732 4 0 0 0 0
1733 4 0 0 0 0
1734 4 0 0 0 0
1735 4 0 0 0 0
1736 4 0 0 0 0
1738 4 0 0 0 0
1739 4 0 0 0 0
1740 4 0 0 0 0
1741 4 0 0 0 0
1742 4 0 0 0 0
1743 4 0 0 0 0
1744 4 4 2 0 0
1745 4 0 0 0 0
1749 4 0 0 0 0
1750 4 0 0 0 0
1751 4 0 0 0 0
1757 4 0 0 0 0
1758 4 0 0 0 0
1759 8 0 0 0 0
1763 4 0 0 0 0
1764 4 4 0 0 0
1767 4 0 0 0 0
1768 4 0 0 0 0
1769 4 0 0 0 0
1771 4 0 0 0 0
1772 4 0 0 0 0
1773 4 0 0 0 0
1777 4 0 0 0 0
1778 4 0 0 0 0
1779 4 0 0 0 0
1780 4 0 0 0 0
1781 4 0 0 0 0
1782 4 4 2 0 0
1851 26 0 0 0 0
1852 26 0 0 0 0
1853 26 0 0 0 0
1854 26 0 0 0 0
1855 26 0 0 0 0
1857 26 0 0 0 0
1858 26 0 0 0 0
1859 26 0 0 0 0
1860 26 0 0 0 0
1861 26 0 0 0 0
1862 26 0 0 0 0
1863 26 26 1 0 0
1864 26 0 0 0 0
1868 26 0 0 0 0
1869 26 0 0 0 0
1870 26 0 0 0 0
1876 26 0 0 0 0
1877 26 0 0 0 0
1878 52 0 0 0 0
1882 26 0 0 0 0
1883 26 26 0 0 0
1886 26 0 0 0 0
1887 26 0 0 0 0
1888 26 0 0 0 0
1890 26 0 0 0 0
1891 26 0 0 0 0
1892 26 0 0 0 0
1896 26 0 0 0 0
1897 26 0 0 0 0
1898 26 0 0 0 0
1899 26 0 0 0 0
1900 26 0 0 0 0
1901 26 26 8 0 0
1970 6 0 0 0 0
1971 6 0 0 0 0
1972 6 0 0 0 0
1973 6 0 0 0 0
1974 6 0 0 0 0
1976 6 0 0 0 0
1977 6 0 0 0 0
1978 6 0 0 0 0
1979 6 0 0 0 0
1980 6 0 0 0 0
1981 6 0 0 0 0
1982 6 6 5 0 0
1984 1 0 0 0 0
1988 1 0 0 0 0
1989 1 0 0 0 0
1990 1 0 0 0 0
1996 1 0 0 0 0
1997 1 0 0 0 0
1999 2 0 0 0 0
2003 1 0 0 0 0
2004 1 1 0 0 0
2007 1 0 0 0 0
2008 1 0 0 0 0
2009 1 0 0 0 0
2011 1 0 0 0 0
2012 1 0 0 0 0
2013 1 0 0 0 0
2017 1 0 0 0 0
2018 1 0 0 0 0
2019 1 0 0 0 0
2020 1 0 0 0 0
2021 1 0 0 0 0
2022 1 1 1 0 0
2093 48 0 0 0 0
2095 80 0 0 0 0
2096 80 0 0 0 0
2097 80 0 0 0 0
2098 80 80 18 0 0
2099 92 0 0 0 0
2104 178 0 0 0 0
2110 178 0 0 0 0
2111 178 0 0 0 0
2119 178 0 0 0 0
2120 178 0 0 0 0
fn=strncmp
98 1 0 0 0 0
125 1 0 0 0 0
126 1 1 0 0 0
127 1 0 0 0 0
128 1 1 0 0 0
129 1 0 0 0 0
131 1 0 0 0 0
132 1 0 0 0 0
134 1 0 0 0 0
135 1 0 0 0 0
156 1 0 0 0 0
157 1 0 0 0 0
158 1 0 0 0 0
159 1 1 1 0 0
201 1 0 0 0 0
202 1 0 0 0 0
203 1 0 0 0 0
204 1 0 0 0 0
205 1 0 0 0 0
206 1 0 0 0 0
207 1 0 0 0 0
208 1 1 0 0 0
209 1 1 0 0 0
210 1 0 0 0 0
211 1 0 0 0 0
212 1 0 0 0 0
214 1 0 0 0 0
215 1 0 0 0 0
216 1 0 0 0 0
217 1 0 0 0 0
218 1 0 0 0 0
219 1 0 0 1 1
1256 1 0 0 0 0
1257 1 0 0 0 0
1258 1 0 0 0 0
1259 1 0 0 0 0
1260 1 0 0 0 0
1262 1 0 0 0 0
1263 1 0 0 0 0
1264 1 0 0 0 0
1265 1 0 0 0 0
1266 1 0 0 0 0
1267 1 0 0 0 0
1268 1 1 1 0 0
2095 1 0 0 0 0
2096 1 0 0 0 0
2097 1 0 0 0 0
2098 1 1 0 0 0
2099 2 0 0 0 0
2104 1 0 0 0 0
2107 1 0 0 0 0
2108 1 1 0 0 0
2110 1 0 0 0 0
2111 1 0 0 0 0
2119 1 0 0 0 0
2120 1 0 0 0 0
fl=/usr/src/debug/glibc/glibc/string/../sysdeps/x86_64/multiarch/../multiarch/strlen-sse2.S
fn=strlen
57 12 0 0 0 0
101 12 0 0 0 0
102 12 0 0 0 0
103 12 0 0 0 0
104 12 0 0 0 0
105 12 0 0 0 0
106 12 0 0 0 0
107 12 0 0 0 0
109 12 0 0 0 0
111 12 12 0 0 0
142 12 0 0 0 0
143 12 0 0 0 0
144 12 0 0 0 0
145 12 0 0 0 0
146 12 12 5 0 0
147 6 0 0 0 0
149 6 0 0 0 0
153 6 0 0 0 0
154 6 0 0 0 0
155 6 0 0 0 0
156 6 0 0 0 0
157 6 0 0 0 0
158 6 0 0 0 0
159 6 0 0 0 0
160 6 0 0 0 0
161 6 0 0 0 0
162 6 0 0 0 0
163 6 0 0 0 0
164 6 0 0 0 0
169 48 6 0 0 0
fl=/usr/src/debug/glibc/glibc/string/../sysdeps/x86_64/multiarch/ifunc-avx2.h
fn=memrchr
38 4 1 1 0 0
40 3 0 0 0 0
41 2 1 0 0 0
42 3 1 0 0 0
45 2 0 0 0 0
46 2 1 1 0 0
49 3 1 0 0 0
52 6 0 0 0 0
fn=rindex
38 4 1 1 0 0
40 3 0 0 0 0
41 2 1 0 0 0
42 3 1 0 0 0
45 2 0 0 0 0
46 2 1 1 0 0
49 3 1 0 0 0
52 6 0 0 0 0
fn=strchrnul
38 4 1 0 0 0
40 3 0 0 0 0
41 2 1 0 0 0
42 3 1 0 0 0
45 2 0 0 0 0
46 2 1 1 0 0
49 3 1 0 0 0
52 6 0 0 0 0
fn=strlen
38 4 1 1 0 0
40 3 0 0 0 0
41 2 1 0 0 0
42 3 1 0 0 0
45 2 0 0 0 0
46 2 1 1 0 0
49 3 1 0 0 0
52 6 0 0 0 0
fn=strnlen
38 8 2 2 0 0
40 6 0 0 0 0
41 4 2 0 0 0
42 6 2 0 0 0
45 4 0 0 0 0
46 4 2 1 0 0
49 6 2 0 0 0
52 12 0 0 0 0
fl=/usr/src/debug/glibc/glibc/string/../sysdeps/x86_64/multiarch/ifunc-evex.h
fn=memchr
37 4 1 1 0 0
38 3 0 0 0 0
39 3 1 0 0 0
42 2 0 0 0 0
43 2 1 1 0 0
45 2 0 0 0 0
51 3 1 0 0 0
54 4 0 0 0 0
fl=/usr/src/debug/glibc/glibc/string/../sysdeps/x86_64/multiarch/ifunc-memcmp.h
fn=bcmp
34 5 1 0 0 0
35 2 1 0 0 0
36 2 1 0 0 0
37 3 1 0 0 0
40 2 0 0 0 0
41 2 1 1 0 0
44 3 1 0 0 0
47 4 0 0 0 0
fl=/usr/src/debug/glibc/glibc/string/../sysdeps/x86_64/multiarch/ifunc-memmove.h
fn=memcpy@@GLIBC_2.14
56 4 2 0 0 0
57 6 0 0 0 0
60 6 0 0 0 0
61 4 2 2 0 0
74 4 2 0 0 0
77 4 2 0 0 0
85 4 2 2 0 0
93 4 2 2 0 0
96 10 0 0 0 0
fn=memmove
56 2 1 0 0 0
57 3 0 0 0 0
60 3 0 0 0 0
61 2 1 1 0 0
74 2 1 0 0 0
77 2 1 0 0 0
85 2 1 1 0 0
93 2 1 1 0 0
96 5 0 0 0 0
fn=mempcpy
56 2 1 0 0 0
57 3 0 0 0 0
60 3 0 0 0 0
61 2 1 0 0 0
74 2 1 0 0 0
77 2 1 0 0 0
85 2 1 1 0 0
93 2 1 1 0 0
96 5 0 0 0 0
fl=/usr/src/debug/glibc/glibc/string/../sysdeps/x86_64/multiarch/ifunc-memset.h
fn=memset
54 10 2 0 0 0
57 6 0 0 0 0
58 4 2 1 0 0
64 4 0 0 0 0
73 4 2 0 0 0
75 4 2 0 0 0
85 4 2 0 0 0
93 4 2 0 0 0
96 10 0 0 0 0
fl=/usr/src/debug/glibc/glibc/string/../sysdeps/x86_64/multiarch/ifunc-sse4_2.h
fn=strcspn
36 5 0 0 0 0
fn=strpbrk
36 5 0 0 0 0
fn=strspn
36 5 0 0 0 0
fl=/usr/src/debug/glibc/glibc/string/../sysdeps/x86_64/multiarch/ifunc-strcasecmp.h
fn=strcasecmp
36 4 1 1 0 0
37 2 0 0 0 0
38 3 1 0 0 0
41 2 0 0 0 0
42 2 1 0 0 0
45 3 1 0 0 0
48 5 1 0 0 0
fn=strcasecmp_l
36 4 1 1 0 0
37 2 0 0 0 0
38 3 1 0 0 0
41 2 0 0 0 0
42 2 1 1 0 0
45 3 1 0 0 0
48 5 1 0 0 0
fn=strncasecmp
36 4 1 1 0 0
37 2 0 0 0 0
38 3 1 0 0 0
41 2 0 0 0 0
42 2 1 1 0 0
45 3 1 0 0 0
48 5 1 0 0 0
fn=strncasecmp_l
36 4 1 1 0 0
37 2 0 0 0 0
38 3 1 0 0 0
41 2 0 0 0 0
42 2 1 0 0 0
45 3 1 0 0 0
48 5 1 0 0 0
fl=/usr/src/debug/glibc/glibc/string/../sysdeps/x86_64/multiarch/ifunc-strcpy.h
fn=stpcpy
38 4 0 0 0 0
39 3 1 0 0 0
42 2 0 0 0 0
43 2 1 1 0 0
46 3 1 0 0 0
49 3 1 1 0 0
fn=strcat
38 4 0 0 0 0
39 3 1 0 0 0
42 2 0 0 0 0
43 2 1 1 0 0
46 3 1 0 0 0
49 3 1 1 0 0
fn=strcpy
38 4 0 0 0 0
39 3 1 0 0 0
42 2 0 0 0 0
43 2 1 1 0 0
46 3 1 0 0 0
49 3 1 1 0 0
fl=/usr/src/debug/glibc/glibc/string/../sysdeps/x86_64/multiarch/ifunc-strncpy.h
fn=stpncpy
35 5 1 0 0 0
36 3 1 0 0 0
39 2 0 0 0 0
40 2 1 1 0 0
43 3 1 0 0 0
46 4 0 0 0 0
fn=strncpy
35 5 1 0 0 0
36 3 1 0 0 0
39 2 0 0 0 0
40 2 1 1 0 0
43 3 1 0 0 0
46 4 0 0 0 0
fl=/usr/src/debug/glibc/glibc/string/../sysdeps/x86_64/multiarch/memchr.c
fn=memchr
29 2 0 0 0 0
fl=/usr/src/debug/glibc/glibc/string/../sysdeps/x86_64/multiarch/memcmp.c
fn=bcmp
29 4 0 0 0 0
fl=/usr/src/debug/glibc/glibc/string/../sysdeps/x86_64/multiarch/memcmpeq.c
fn=memcpy@@GLIBC_2.14
29 2 0 0 0 0
fl=/usr/src/debug/glibc/glibc/string/../sysdeps/x86_64/multiarch/memmove-vec-unaligned-erms.S
fn=__memcpy_avx_unaligned_erms
255 104879113 0 0 0 0
256 104879113 0 0 0 0
262 104879115 0 0 0 0
263 104879115 104879115 7 0 0
265 52439556 0 0 0 0
266 52439556 0 0 0 0
267 52439556 52439556 3 0 0
305 52439559 0 0 0 0
306 52439559 52439559 0 0 0
308 52439559 0 0 0 0
309 52439559 52439559 2 0 0
311 6 0 0 0 0
315 6 6 1 0 0
316 5 0 0 0 0
317 5 5 0 0 0
318 5 0 0 0 0
319 5 5 2 0 0
320 3 0 0 0 0
321 3 0 0 0 0
323 5 0 0 0 0
325 5 0 0 0 0
331 1 0 0 0 0
332 1 0 0 0 0
333 1 0 0 0 0
334 1 0 0 0 0
335 1 0 0 0 0
364 52439553 0 0 0 0
365 52439553 0 0 0 0
366 52439553 0 0 0 0
367 52439553 0 0 0 0
368 52439553 0 0 0 0
375 52439553 0 0 0 0
376 52439553 0 0 0 0
377 52439553 0 0 0 0
378 52439553 0 0 0 0
379 52439553 0 0 0 0
380 52439553 0 0 0 0
381 104879106 0 0 0 0
386 52439556 0 0 0 0
387 52439556 52439556 0 0 0
392 52439556 0 0 0 0
393 52439556 52439556 0 0 0
395 52439556 0 0 0 0
396 52439556 0 0 0 0
397 52439556 52439556 3 0 0
fn=__mempcpy_avx_unaligned_erms
242 2 0 0 0 0
243 2 0 0 0 0
244 2 0 0 0 0
245 2 0 0 0 0
fn=memcpy
210 13 0 0 0 0
211 13 0 0 0 0
217 27 0 0 0 0
218 27 27 6 0 0
220 21 0 0 0 0
221 21 0 0 0 0
222 21 21 3 0 0
224 17 0 0 0 0
225 17 0 0 0 0
226 17 0 0 0 0
228 17 0 0 0 0
308 6 0 0 0 0
309 6 6 5 0 0
311 1 0 0 0 0
315 1 1 0 0 0
316 1 0 0 0 0
317 1 1 0 0 0
318 1 0 0 0 0
319 1 1 1 0 0
323 1 0 0 0 0
325 1 0 0 0 0
364 5 0 0 0 0
365 5 0 0 0 0
366 5 0 0 0 0
367 5 0 0 0 0
368 5 0 0 0 0
375 4 0 0 0 0
376 4 0 0 0 0
377 4 0 0 0 0
378 4 0 0 0 0
379 4 0 0 0 0
380 4 0 0 0 0
381 4 0 0 0 0
392 4 0 0 0 0
393 4 4 0 0 0
395 4 0 0 0 0
396 4 0 0 0 0
397 4 4 3 0 0
fn=mempcpy
197 14 0 0 0 0
198 14 0 0 0 0
199 14 0 0 0 0
200 14 0 0 0 0
fl=/usr/src/debug/glibc/glibc/string/../sysdeps/x86_64/multiarch/memmove.c
fn=memmove
29 1 0 0 0 0
fl=/usr/src/debug/glibc/glibc/string/../sysdeps/x86_64/multiarch/mempcpy.c
fn=mempcpy
33 1 0 0 0 0
fl=/usr/src/debug/glibc/glibc/string/../sysdeps/x86_64/multiarch/memrchr.c
fn=memrchr
29 3 0 0 0 0
fl=/usr/src/debug/glibc/glibc/string/../sysdeps/x86_64/multiarch/memset-vec-unaligned-erms.S
fn=__memset_avx2_unaligned_erms
158 104879124 0 0 0 0
159 209758248 0 0 0 0
164 104879124 0 0 0 0
165 104879124 104879124 7 0 0
166 52439567 0 0 0 0
167 52439567 0 0 0 0
168 52439567 52439567 9 0 0
181 52439558 0 0 0 0
182 52439558 0 0 0 0
184 104879116 0 0 0 0
237 52439567 0 0 0 0
238 52439567 52439567 2 0 0
244 52439567 0 0 0 0
245 52439567 0 0 0 0
257 52439567 0 0 0 0
260 52439567 0 0 0 0
261 52439567 52439567 7 0 0
273 9 0 0 0 0
274 9 0 0 0 0
287 9 0 0 0 0
288 9 0 0 0 0
290 9 9 1 0 0
293 9 0 0 0 0
296 9 0 0 0 0
299 9 0 0 0 0
300 9 0 0 0 0
301 9 0 0 0 0
302 9 0 0 0 0
303 9 0 0 0 0
304 9 0 0 0 0
305 18 9 0 0 0
308 9 0 0 0 0
309 9 0 0 0 0
310 9 0 0 0 0
311 9 0 0 0 0
314 18 0 0 0 0
337 52439557 0 0 0 0
346 52439557 0 0 0 0
347 52439557 52439557 0 0 0
352 52439557 0 0 0 0
353 52439557 52439557 4 0 0
389 52439557 0 0 0 0
390 52439557 0 0 0 0
395 52439557 0 0 0 0
fl=/usr/src/debug/glibc/glibc/string/../sysdeps/x86_64/multiarch/memset.c
fn=memset
29 2 0 0 0 0
fl=/usr/src/debug/glibc/glibc/string/../sysdeps/x86_64/multiarch/stpcpy.c
fn=stpcpy
33 3 0 0 0 0
fl=/usr/src/debug/glibc/glibc/string/../sysdeps/x86_64/multiarch/stpncpy.c
fn=stpncpy
31 3 0 0 0 0
fl=/usr/src/debug/glibc/glibc/string/../sysdeps/x86_64/multiarch/strcasecmp.c
fn=strcasecmp
31 3 0 0 0 0
fl=/usr/src/debug/glibc/glibc/string/../sysdeps/x86_64/multiarch/strcasecmp_l.c
fn=strcasecmp_l
31 3 0 0 0 0
fl=/usr/src/debug/glibc/glibc/string/../sysdeps/x86_64/multiarch/strcat.c
fn=strcat
29 3 0 0 0 0
fl=/usr/src/debug/glibc/glibc/string/../sysdeps/x86_64/multiarch/strchr-avx2.S
fn=__strchrnul_avx2
53 4 0 0 0 0
55 4 0 0 0 0
56 4 0 0 0 0
57 4 0 0 0 0
58 4 0 0 0 0
59 4 0 0 0 0
62 4 0 0 0 0
63 4 4 0 0 0
67 4 0 0 0 0
68 4 0 0 0 0
69 4 0 0 0 0
70 4 0 0 0 0
71 4 0 0 0 0
72 4 0 0 0 0
73 4 4 0 0 0
74 4 0 0 0 0
87 4 0 0 0 0
89 8 0 0 0 0
fl=/usr/src/debug/glibc/glibc/string/../sysdeps/x86_64/multiarch/strchr.c
fn=index
42 4 0 0 0 0
43 2 0 0 0 0
44 3 1 0 0 0
47 2 0 0 0 0
48 2 1 1 0 0
51 3 1 0 0 0
54 3 1 0 0 0
65 3 0 0 0 0
fl=/usr/src/debug/glibc/glibc/string/../sysdeps/x86_64/multiarch/strchrnul.c
fn=strchrnul
31 3 0 0 0 0
fl=/usr/src/debug/glibc/glibc/string/../sysdeps/x86_64/multiarch/strcmp.c
fn=strcmp
47 4 0 0 0 0
48 2 0 0 0 0
49 3 1 0 0 0
52 2 0 0 0 0
53 2 1 1 0 0
56 3 1 0 0 0
59 3 1 0 0 0
79 3 0 0 0 0
fl=/usr/src/debug/glibc/glibc/string/../sysdeps/x86_64/multiarch/strcpy.c
fn=strcpy
29 3 0 0 0 0
fl=/usr/src/debug/glibc/glibc/string/../sysdeps/x86_64/multiarch/strcspn.c
fn=strcspn
29 2 0 0 0 0
fl=/usr/src/debug/glibc/glibc/string/../sysdeps/x86_64/multiarch/strlen-avx2.S
fn=__strlen_avx2
52 1 0 0 0 0
65 1 0 0 0 0
66 1 0 0 0 0
67 1 0 0 0 0
70 1 0 0 0 0
72 1 0 0 0 0
73 1 1 0 0 0
76 1 0 0 0 0
77 1 0 0 0 0
85 1 0 0 0 0
86 1 1 0 0 0
87 1 0 0 0 0
92 2 0 0 0 0
fl=/usr/src/debug/glibc/glibc/string/../sysdeps/x86_64/multiarch/strlen.c
fn=strlen
29 3 0 0 0 0
fl=/usr/src/debug/glibc/glibc/string/../sysdeps/x86_64/multiarch/strncase.c
fn=strncasecmp
31 3 0 0 0 0
fl=/usr/src/debug/glibc/glibc/string/../sysdeps/x86_64/multiarch/strncase_l.c
fn=strncasecmp_l
31 3 0 0 0 0
fl=/usr/src/debug/glibc/glibc/string/../sysdeps/x86_64/multiarch/strncmp.c
fn=strncmp
43 4 1 1 0 0
44 2 0 0 0 0
45 3 1 0 0 0
48 2 0 0 0 0
49 2 1 1 0 0
52 3 1 0 0 0
55 5 1 0 0 0
67 3 0 0 0 0
fl=/usr/src/debug/glibc/glibc/string/../sysdeps/x86_64/multiarch/strncpy.c
fn=strncpy
29 3 0 0 0 0
fl=/usr/src/debug/glibc/glibc/string/../sysdeps/x86_64/multiarch/strnlen.c
fn=strnlen
31 6 0 0 0 0
fl=/usr/src/debug/glibc/glibc/string/../sysdeps/x86_64/multiarch/strpbrk.c
fn=strpbrk
29 2 0 0 0 0
fl=/usr/src/debug/glibc/glibc/string/../sysdeps/x86_64/multiarch/strrchr-avx2.S
fn=__strrchr_avx2
53 1 0 0 0 0
54 1 0 0 0 0
55 1 0 0 0 0
57 1 0 0 0 0
58 1 0 0 0 0
62 1 0 0 0 0
63 1 0 0 0 0
64 1 1 0 0 0
67 1 0 0 0 0
69 1 0 0 0 0
70 1 0 0 0 0
71 1 0 0 0 0
72 1 1 0 0 0
75 1 0 0 0 0
76 1 0 0 0 0
78 1 0 0 0 0
79 1 0 0 0 0
80 1 1 1 0 0
81 1 0 0 0 0
82 1 0 0 0 0
91 2 0 0 0 0
fl=/usr/src/debug/glibc/glibc/string/../sysdeps/x86_64/multiarch/strrchr.c
fn=rindex
28 3 0 0 0 0
fl=/usr/src/debug/glibc/glibc/string/../sysdeps/x86_64/multiarch/strspn.c
fn=strspn
29 2 0 0 0 0
fl=/usr/src/debug/glibc/glibc/string/strdup.c
fn=strdup
40 10 0 0 0 0
41 4 0 0 0 0
44 4 2 0 0 0
47 8 0 0 0 0
48 6 0 0 0 0
fl=/usr/src/debug/glibc/glibc/wcsmbs/../sysdeps/x86_64/multiarch/ifunc-avx2.h
fn=wcschr
38 8 2 1 0 0
40 6 0 0 0 0
41 4 2 0 0 0
42 6 2 0 0 0
45 4 0 0 0 0
46 4 2 1 0 0
49 6 2 0 0 0
52 12 0 0 0 0
fn=wcscmp
38 4 1 1 0 0
40 3 0 0 0 0
41 2 1 0 0 0
42 3 1 0 0 0
45 2 0 0 0 0
46 2 1 1 0 0
49 3 1 0 0 0
52 6 0 0 0 0
fl=/usr/src/debug/glibc/glibc/wcsmbs/../sysdeps/x86_64/multiarch/ifunc-evex.h
fn=wmemchr
37 8 2 0 0 0
38 6 0 0 0 0
39 6 2 0 0 0
42 4 0 0 0 0
43 4 2 2 0 0
45 4 0 0 0 0
51 6 2 0 0 0
54 8 0 0 0 0
fl=/usr/src/debug/glibc/glibc/wcsmbs/../sysdeps/x86_64/multiarch/ifunc-memcmp.h
fn=wmemcmp
34 5 1 0 0 0
35 2 1 0 0 0
36 2 1 0 0 0
37 3 1 0 0 0
40 2 0 0 0 0
41 2 1 1 0 0
44 3 1 0 0 0
47 4 0 0 0 0
fl=/usr/src/debug/glibc/glibc/wcsmbs/../sysdeps/x86_64/multiarch/ifunc-wcs.h
fn=wcpncpy
39 4 1 1 0 0
40 3 0 0 0 0
41 3 1 0 0 0
44 2 0 0 0 0
45 3 1 1 0 0
48 4 0 0 0 0
fn=wcscat
39 4 1 1 0 0
40 3 0 0 0 0
41 3 1 0 0 0
44 2 0 0 0 0
45 3 1 1 0 0
48 4 0 0 0 0
fn=wcsncpy
39 4 1 1 0 0
40 3 0 0 0 0
41 3 1 0 0 0
44 2 0 0 0 0
45 3 1 1 0 0
48 4 0 0 0 0
fl=/usr/src/debug/glibc/glibc/wcsmbs/../sysdeps/x86_64/multiarch/ifunc-wcslen.h
fn=wcslen
40 4 1 1 0 0
41 2 0 0 0 0
42 3 1 0 0 0
45 2 0 0 0 0
46 2 1 1 0 0
49 3 1 0 0 0
52 3 1 0 0 0
fn=wcsnlen
40 4 1 1 0 0
41 2 0 0 0 0
42 3 1 0 0 0
45 2 0 0 0 0
46 2 1 0 0 0
49 3 1 0 0 0
52 3 1 0 0 0
fl=/usr/src/debug/glibc/glibc/wcsmbs/../sysdeps/x86_64/multiarch/ifunc-wmemset.h
fn=wmemset
36 10 2 0 0 0
37 6 2 1 0 0
fl=/usr/src/debug/glibc/glibc/wcsmbs/../sysdeps/x86_64/multiarch/wcpcpy.c
fn=wcpncpy
31 1 0 0 0 0
fl=/usr/src/debug/glibc/glibc/wcsmbs/../sysdeps/x86_64/multiarch/wcpncpy.c
fn=wcpncpy
31 1 0 0 0 0
fl=/usr/src/debug/glibc/glibc/wcsmbs/../sysdeps/x86_64/multiarch/wcscat.c
fn=wcscat
31 2 0 0 0 0
fn=wcschr
31 2 0 0 0 0
fl=/usr/src/debug/glibc/glibc/wcsmbs/../sysdeps/x86_64/multiarch/wcschr.c
fn=wcschr
31 4 0 0 0 0
fl=/usr/src/debug/glibc/glibc/wcsmbs/../sysdeps/x86_64/multiarch/wcscmp.c
fn=wcscmp
30 3 0 0 0 0
fl=/usr/src/debug/glibc/glibc/wcsmbs/../sysdeps/x86_64/multiarch/wcscpy.c
fn=wcscpy
42 4 1 1 0 0
43 2 0 0 0 0
44 3 1 0 0 0
46 2 0 0 0 0
47 3 1 1 0 0
50 3 1 0 0 0
60 2 0 0 0 0
fl=/usr/src/debug/glibc/glibc/wcsmbs/../sysdeps/x86_64/multiarch/wcslen.c
fn=wcslen
29 3 0 0 0 0
fl=/usr/src/debug/glibc/glibc/wcsmbs/../sysdeps/x86_64/multiarch/wcsncpy.c
fn=wcsncpy
31 2 0 0 0 0
fl=/usr/src/debug/glibc/glibc/wcsmbs/../sysdeps/x86_64/multiarch/wcsnlen.c
fn=wcsnlen
30 3 0 0 0 0
fl=/usr/src/debug/glibc/glibc/wcsmbs/../sysdeps/x86_64/multiarch/wmemchr.c
fn=wmemchr
31 4 0 0 0 0
fl=/usr/src/debug/glibc/glibc/wcsmbs/../sysdeps/x86_64/multiarch/wmemcmp.c
fn=wmemcmp
29 4 0 0 0 0
fl=/usr/src/debug/glibc/glibc/wcsmbs/../sysdeps/x86_64/multiarch/wmemset.c
fn=wmemset
31 4 0 0 0 0
fl=???
fn=(below main)
0 12 0 0 1 1
fn=???
0 314637407 4 4 314637328 18
summary: 23168810000 2447021181 14868762 314637749 218
